0 0.2791666666666667 0.525 0.043333333333333335 0.10083333333333333
1 0.495 0.5875 0.0275 0.06416666666666666
1 0.6125 0.5283333333333333 0.03 0.0475
1 0.6233333333333333 0.625 0.034166666666666665 0.06916666666666667
1 0.6558333333333334 0.21833333333333332 0.0375 0.0525
1 0.3933333333333333 0.2683333333333333 0.020833333333333332 0.055
1 0.2475 0.21333333333333335 0.02666666666666667 0.06
1 0.22833333333333333 0.7433333333333333 0.03333333333333333 0.03666666666666667
4 0.6375 0.105 0.24833333333333332 0.13083333333333333
4 0.735 0.2675 0.04666666666666667 0.19666666666666666
4 0.7608333333333334 0.6025 0.04583333333333333 0.30666666666666664
4 0.5358333333333334 0.7875 0.5741666666666667 0.10833333333333334
2 0.7458333333333333 0.4058333333333333 0.045 0.085
2 0.15583333333333332 0.43416666666666665 0.04 0.09083333333333334
1 0.5008333333333334 0.15583333333333332 0.016666666666666666 0.025
1 0.5025 0.19 0.015 0.0375
4 0.3283333333333333 0.12583333333333332 0.31833333333333336 0.10583333333333333
4 0.1775 0.2875 0.065 0.20416666666666666
4 0.10333333333333333 0.6591666666666667 0.11083333333333334 0.3408333333333333
4 0.2025 0.79 0.09083333333333334 0.060833333333333336