0 0.78515625 0.88203125 0.028125 0.0328125
1 0.80390625 0.39375 0.2828125 0.1875
4 0.2046875 0.35234375 0.021875 0.0328125
4 0.6609375 0.8078125 0.0203125 0.03125
4 0.73671875 0.31796875 0.021875 0.03125
4 0.525 0.375 0.0171875 0.028125
4 0.8203125 0.79140625 0.021875 0.03125
4 0.50859375 0.48203125 0.0203125 0.03125
0 0.28984375 0.6296875 0.01875 0.028125
4 0.5609375 0.3265625 0.01875 0.03125
0 0.56484375 0.36640625 0.0171875 0.0265625
4 0.58984375 0.33203125 0.0171875 0.0296875
4 0.2671875 0.6046875 0.021875 0.0296875
0 0.1765625 0.35078125 0.028125 0.0296875