1 0.32578125 0.7859375 0.28828125 0.16640625
4 0.49296875 0.06484375 0.02265625 0.0359375
4 0.7078125 0.721875 0.01953125 0.03359375
4 0.62890625 0.0546875 0.02421875 0.03671875
3 0.2953125 0.79375 0.0328125 0.05078125
4 0.74296875 0.384375 0.0203125 0.034375
4 0.6015625 0.38671875 0.01953125 0.0328125
4 0.46953125 0.5328125 0.02109375 0.03046875
0 0.46328125 0.45234375 0.0203125 0.0359375
4 0.6421875 0.940625 0.0234375 0.034375
4 0.4375 0.51328125 0.01796875 0.0296875
0 0.371875 0.2796875 0.021875 0.03203125
0 0.73984375 0.0453125 0.0234375 0.034375
0 0.12421875 0.93828125 0.01875 0.0328125
2 0.45 0.771875 0.0265625 0.0484375