4 0.08671875 0.7078125 0.021875 0.03125
1 0.24453125 0.50078125 0.246875 0.1296875
0 0.14296875 0.09765625 0.021875 0.028125
4 0.4671875 0.33203125 0.0203125 0.03125
4 0.54375 0.778125 0.021875 0.034375
4 0.14609375 0.64765625 0.0203125 0.0296875
4 0.7578125 0.3234375 0.021875 0.0296875
4 0.91796875 0.16484375 0.0203125 0.0296875
0 0.1265625 0.11640625 0.01875 0.028125
4 0.43671875 0.5375 0.0203125 0.0296875
4 0.1 0.90078125 0.0234375 0.0328125
4 0.109375 0.0953125 0.0203125 0.0265625
4 0.9171875 0.1953125 0.0203125 0.03125
0 0.75390625 0.53359375 0.0203125 0.0234375
0 0.65625 0.15625 0.0234375 0.028125