4 0.278125 0.4 0.021875 0.0328125
4 0.89453125 0.096875 0.0203125 0.028125
4 0.2015625 0.89453125 0.0171875 0.0296875
0 0.60234375 0.51640625 0.015625 0.028125
1 0.74375 0.27109375 0.1171875 0.3953125
0 0.17734375 0.8953125 0.0171875 0.0328125
4 0.54140625 0.79921875 0.0203125 0.0328125
4 0.58359375 0.49765625 0.0140625 0.03125
4 0.09296875 0.86796875 0.021875 0.028125
4 0.58046875 0.425 0.0203125 0.0328125
4 0.296875 0.34609375 0.0203125 0.0296875
4 0.74921875 0.7796875 0.0203125 0.028125
4 0.5234375 0.446875 0.01875 0.03125
4 0.53046875 0.5109375 0.0203125 0.03125
4 0.4578125 0.35234375 0.021875 0.028125
4 0.109375 0.83984375 0.0203125 0.03125
4 0.61328125 0.46015625 0.025 0.0296875
4 0.55078125 0.853125 0.0203125 0.034375
0 0.1 0.1015625 0.0265625 0.0296875
4 0.6171875 0.45546875 0.015625 0.0265625