1 0.328125 0.77890625 0.29375 0.18828125
4 0.1359375 0.05859375 0.01875 0.03203125
4 0.4921875 0.06328125 0.0203125 0.03359375
4 0.5046875 0.50078125 0.0171875 0.028125
3 0.2953125 0.79375 0.03359375 0.05
0 0.46484375 0.4578125 0.0140625 0.02578125
4 0.46953125 0.53359375 0.01796875 0.0296875
4 0.4375 0.51328125 0.01640625 0.02890625
4 0.778125 0.15234375 0.02109375 0.034375
4 0.72734375 0.728125 0.01953125 0.0296875
4 0.7875 0.3515625 0.0203125 0.03046875
0 0.81484375 0.61875 0.0203125 0.03046875
2 0.45078125 0.771875 0.03046875 0.0515625
0 0.49140625 0.47734375 0.01796875 0.03359375
0 0.12265625 0.934375 0.021875 0.04140625