4 0.871875 0.621875 0.021875 0.0265625
1 0.18203125 0.3390625 0.209375 0.2859375
4 0.496875 0.50625 0.0171875 0.028125
4 0.14609375 0.64765625 0.021875 0.03125
4 0.71953125 0.68828125 0.0203125 0.03125
4 0.77578125 0.31953125 0.021875 0.03125
4 0.91484375 0.19453125 0.021875 0.03125
0 0.925 0.7359375 0.0265625 0.0296875
4 0.5015625 0.62421875 0.01875 0.028125
4 0.5328125 0.82421875 0.021875 0.034375
4 0.11015625 0.0953125 0.0203125 0.0265625
4 0.54375 0.853125 0.0203125 0.0328125
0 0.128125 0.11484375 0.021875 0.025
0 0.49375 0.5796875 0.01875 0.0328125
0 0.66171875 0.68984375 0.025 0.0328125