4 0.12265625 0.74453125 0.02109375 0.0375
4 0.49140625 0.0625 0.02109375 0.03671875
4 0.13515625 0.62265625 0.0203125 0.034375
2 0.26875 0.4875 0.0296875 0.040625
4 0.1359375 0.05859375 0.0203125 0.03203125
4 0.1625 0.4109375 0.02109375 0.03125
4 0.5984375 0.94609375 0.02109375 0.03515625
3 0.2609375 0.2234375 0.034375 0.05
4 0.3015625 0.4625 0.01796875 0.0296875
1 0.28125 0.27578125 0.12421875 0.43125
0 0.4328125 0.41328125 0.0203125 0.03046875
4 0.23828125 0.4640625 0.0203125 0.03359375
0 0.8109375 0.62109375 0.0234375 0.0328125
0 0.4328125 0.48515625 0.01640625 0.02578125
0 0.12265625 0.934375 0.025 0.04453125