1 0.2125 0.284375 0.134375 0.38671875
4 0.4890625 0.096875 0.0203125 0.03203125
4 0.64453125 0.93984375 0.021875 0.03359375
3 0.18203125 0.30546875 0.03046875 0.04296875
4 0.125 0.865625 0.0203125 0.0328125
0 0.14140625 0.53125 0.02265625 0.03203125
0 0.5359375 0.04453125 0.01796875 0.0296875
4 0.19921875 0.734375 0.01953125 0.03046875
0 0.12734375 0.903125 0.01875 0.03203125
4 0.3625 0.74375 0.01875 0.03125
0 0.29453125 0.65234375 0.02109375 0.03203125
4 0.5828125 0.39921875 0.01875 0.0265625
2 0.16953125 0.11640625 0.028125 0.046875