1 0.6796875 0.425 0.203125 0.37109375
4 0.2078125 0.75546875 0.021875 0.0359375
4 0.2578125 0.07421875 0.02109375 0.0359375
4 0.12890625 0.85234375 0.021875 0.03671875
2 0.59765625 0.25546875 0.0265625 0.03984375
4 0.7984375 0.259375 0.0203125 0.03203125
4 0.6515625 0.2640625 0.02109375 0.03046875
4 0.8171875 0.421875 0.021875 0.03359375
4 0.74140625 0.2109375 0.0203125 0.0328125
3 0.68828125 0.43359375 0.03203125 0.05234375
0 0.284375 0.66484375 0.02421875 0.0359375
0 0.71640625 0.6796875 0.02265625 0.034375
0 0.30078125 0.54765625 0.0234375 0.03125
0 0.81171875 0.0359375 0.02109375 0.0453125