1 0.32578125 0.77890625 0.29375 0.18046875
4 0.4921875 0.0625 0.021875 0.03515625
4 0.29765625 0.26953125 0.0203125 0.034375
4 0.62890625 0.0546875 0.025 0.03671875
3 0.29453125 0.79375 0.03515625 0.05234375
4 0.53671875 0.41875 0.01953125 0.03046875
4 0.72578125 0.8046875 0.0203125 0.03359375
4 0.453125 0.7015625 0.021875 0.03046875
4 0.64296875 0.940625 0.02421875 0.034375
0 0.140625 0.5234375 0.021875 0.03125
0 0.37265625 0.30703125 0.021875 0.0328125
2 0.45078125 0.7703125 0.0328125 0.05625
0 0.73984375 0.04609375 0.02265625 0.034375
4 0.19609375 0.7328125 0.01875 0.03125
0 0.121875 0.903125 0.0203125 0.03203125