1 0.8625 0.31015625 0.265625 0.290625
0 0.784375 0.88203125 0.028125 0.034375
4 0.19296875 0.88671875 0.025 0.0375
4 0.52421875 0.37421875 0.015625 0.028125
4 0.740625 0.309375 0.0203125 0.03125
4 0.18671875 0.16015625 0.021875 0.034375
4 0.41640625 0.15625 0.0203125 0.0328125
4 0.29765625 0.25 0.021875 0.03125
4 0.534375 0.2265625 0.0203125 0.0296875
4 0.62578125 0.396875 0.0203125 0.03125
0 0.11015625 0.3375 0.0234375 0.0234375
4 0.7 0.8265625 0.0203125 0.0328125
4 0.50859375 0.48203125 0.0203125 0.03125
4 0.20625 0.34453125 0.0203125 0.028125
0 0.58203125 0.340625 0.01875 0.03125
0 0.7359375 0.2796875 0.0234375 0.03125