4 0.8984375 0.8734375 0.025 0.0359375
4 0.9078125 0.1125 0.021875 0.034375
4 0.90390625 0.3875 0.0234375 0.0296875
4 0.51796875 0.09765625 0.0203125 0.0328125
4 0.103125 0.646875 0.021875 0.028125
4 0.18046875 0.8671875 0.021875 0.03125
0 0.55390625 0.471875 0.0203125 0.0265625
4 0.09375 0.359375 0.0203125 0.0296875
4 0.08671875 0.884375 0.025 0.034375
4 0.1046875 0.1 0.021875 0.0265625
4 0.61328125 0.459375 0.0234375 0.0296875
0 0.5609375 0.13203125 0.0203125 0.0296875
4 0.58359375 0.4984375 0.0171875 0.03125
0 0.88359375 0.77109375 0.0234375 0.03125
4 0.5796875 0.425 0.0203125 0.0328125
4 0.65703125 0.11796875 0.0203125 0.0296875
1 0.3484375 0.59453125 0.2765625 0.16875
4 0.51015625 0.1640625 0.0234375 0.03125
4 0.56015625 0.78828125 0.0203125 0.034375
4 0.6171875 0.45546875 0.015625 0.0265625