4 0.12890625 0.8515625 0.02109375 0.034375
4 0.828125 0.6390625 0.0203125 0.0359375
1 0.21015625 0.2890625 0.13984375 0.39375
4 0.484375 0.09140625 0.01875 0.03515625
4 0.35859375 0.73828125 0.01875 0.03046875
4 0.58203125 0.3984375 0.01953125 0.0296875
4 0.45390625 0.70078125 0.01875 0.02890625
4 0.64296875 0.940625 0.0234375 0.03359375
0 0.12265625 0.90078125 0.02109375 0.03125
3 0.1828125 0.30703125 0.03046875 0.04296875
0 0.534375 0.04375 0.01875 0.03046875
0 0.28828125 0.66484375 0.0203125 0.03046875
2 0.16796875 0.115625 0.0296875 0.0375
0 0.78359375 0.26171875 0.02421875 0.04140625