1 0.584375 0.63828125 0.2671875 0.1734375
3 0.60390625 0.640625 0.0328125 0.0609375
4 0.43515625 0.41953125 0.01953125 0.03203125
4 0.2484375 0.6953125 0.0203125 0.034375
0 0.42890625 0.52578125 0.021875 0.03125
4 0.71171875 0.0578125 0.021875 0.03359375
4 0.3828125 0.22578125 0.02109375 0.03359375
4 0.19453125 0.5578125 0.021875 0.03203125
4 0.35546875 0.94140625 0.01875 0.03203125
0 0.1203125 0.15859375 0.021875 0.03359375
4 0.68203125 0.71484375 0.0203125 0.03203125
4 0.7515625 0.375 0.0203125 0.03046875
0 0.584375 0.82265625 0.0234375 0.0328125
4 0.3734375 0.93515625 0.0203125 0.03359375
0 0.7984375 0.75625 0.021875 0.02734375
2 0.46796875 0.6796875 0.03046875 0.04765625