1 0.5859375 0.6375 0.26015625 0.1703125
4 0.24765625 0.6953125 0.0203125 0.03515625
4 0.38125 0.21953125 0.02109375 0.034375
4 0.4359375 0.41875 0.01875 0.03359375
4 0.71328125 0.05703125 0.02109375 0.034375
0 0.42734375 0.52578125 0.02109375 0.03125
4 0.3546875 0.940625 0.01875 0.03359375
4 0.753125 0.375 0.01953125 0.03125
3 0.60234375 0.63984375 0.03203125 0.05859375
0 0.796875 0.75546875 0.01953125 0.03203125
0 0.58359375 0.82109375 0.0234375 0.034375
0 0.1234375 0.16015625 0.01875 0.0296875
4 0.68125 0.715625 0.01953125 0.03125
4 0.3734375 0.93515625 0.01875 0.03515625
2 0.4671875 0.678125 0.02265625 0.053125