4 0.16953125 0.85 0.0203125 0.03125
1 0.48671875 0.27109375 0.0953125 0.409375
0 0.5765625 0.80078125 0.0234375 0.0265625
4 0.5125 0.89765625 0.0203125 0.034375
4 0.49609375 0.50703125 0.0171875 0.0296875
4 0.14609375 0.64765625 0.021875 0.0296875
0 0.10390625 0.84921875 0.028125 0.028125
4 0.33828125 0.34765625 0.01875 0.028125
4 0.57265625 0.70234375 0.021875 0.03125
4 0.10859375 0.09921875 0.021875 0.0296875
4 0.14140625 0.1171875 0.021875 0.0296875
0 0.08359375 0.90390625 0.0203125 0.03125
4 0.1453125 0.14140625 0.0203125 0.0296875
4 0.31015625 0.3453125 0.0171875 0.0296875
0 0.49375 0.57890625 0.01875 0.034375