0 0.78515625 0.88203125 0.028125 0.034375
4 0.32421875 0.32109375 0.01875 0.03125
4 0.140625 0.15546875 0.021875 0.0328125
4 0.165625 0.903125 0.0234375 0.03125
4 0.5234375 0.37421875 0.0171875 0.028125
4 0.69921875 0.8265625 0.021875 0.0328125
4 0.50859375 0.48203125 0.0203125 0.03125
0 0.1125 0.3328125 0.025 0.034375
4 0.5359375 0.15234375 0.021875 0.0296875
4 0.5546875 0.3484375 0.0203125 0.03125
4 0.20625 0.34453125 0.0203125 0.028125
1 0.68828125 0.54765625 0.1171875 0.378125
4 0.59296875 0.41484375 0.01875 0.0296875
4 0.159375 0.18359375 0.021875 0.03125
0 0.14375 0.19609375 0.025 0.0296875
0 0.61015625 0.24140625 0.0203125 0.0234375