2 0.26875 0.4875 0.03046875 0.0421875
4 0.1359375 0.0578125 0.0203125 0.03203125
4 0.4921875 0.06328125 0.0203125 0.03359375
1 0.28125 0.27421875 0.12734375 0.43828125
3 0.2609375 0.2234375 0.034375 0.05234375
4 0.3015625 0.4625 0.01796875 0.03046875
4 0.778125 0.153125 0.02109375 0.03359375
4 0.78671875 0.35390625 0.01953125 0.03046875
4 0.68984375 0.3859375 0.01953125 0.02890625
0 0.43203125 0.41328125 0.0203125 0.03046875
4 0.7265625 0.728125 0.01953125 0.0296875
4 0.2390625 0.46484375 0.02109375 0.034375
0 0.81171875 0.62109375 0.02109375 0.03125
0 0.4328125 0.484375 0.015625 0.02578125
0 0.1234375 0.934375 0.02109375 0.040625