1 0.75390625 0.48359375 0.24375 0.1546875
4 0.14609375 0.6390625 0.021875 0.0296875
4 0.17109375 0.85078125 0.025 0.0359375
0 0.096875 0.84609375 0.028125 0.03125
4 0.49609375 0.50625 0.015625 0.0296875
4 0.14609375 0.1546875 0.021875 0.03125
4 0.465625 0.11953125 0.01875 0.0328125
4 0.56796875 0.71015625 0.01875 0.03125
4 0.5125 0.896875 0.0203125 0.034375
4 0.3390625 0.346875 0.0203125 0.0296875
4 0.10859375 0.0984375 0.021875 0.0296875
0 0.08359375 0.90546875 0.03125 0.0265625
4 0.1421875 0.12734375 0.021875 0.03125
0 0.58515625 0.8015625 0.0203125 0.03125
4 0.31015625 0.3453125 0.01875 0.03125
0 0.49375 0.57890625 0.01875 0.034375