4 0.12890625 0.8515625 0.02109375 0.034375
4 0.3578125 0.740625 0.01953125 0.03359375
4 0.58046875 0.3953125 0.0203125 0.0328125
4 0.828125 0.63984375 0.02109375 0.034375
4 0.484375 0.09140625 0.0203125 0.03828125
4 0.45390625 0.7015625 0.0203125 0.0296875
1 0.209375 0.2859375 0.14296875 0.40546875
3 0.18203125 0.30078125 0.03203125 0.04765625
4 0.64296875 0.940625 0.0234375 0.034375
0 0.5359375 0.0421875 0.0203125 0.03359375
0 0.28828125 0.665625 0.0203125 0.0296875
0 0.16875 0.115625 0.03046875 0.03828125
0 0.12265625 0.90078125 0.0203125 0.03125
0 0.78125 0.26328125 0.0203125 0.0328125