1 0.73671875 0.48828125 0.15 0.3078125
0 0.23359375 0.9046875 0.0265625 0.0390625
4 0.325 0.32109375 0.0171875 0.03125
4 0.49609375 0.50625 0.015625 0.028125
4 0.41171875 0.146875 0.0203125 0.0328125
4 0.465625 0.11953125 0.01875 0.0328125
4 0.3671875 0.14765625 0.0203125 0.0328125
4 0.43671875 0.8328125 0.021875 0.03125
4 0.5984375 0.32109375 0.0203125 0.03125
4 0.5125 0.896875 0.0203125 0.034375
4 0.10859375 0.0984375 0.021875 0.0296875
4 0.57890625 0.828125 0.0203125 0.0328125
0 0.08828125 0.90390625 0.0234375 0.0296875
4 0.90234375 0.10078125 0.025 0.03125
0 0.9125 0.89453125 0.0234375 0.028125
0 0.49375 0.57890625 0.01875 0.034375