4 0.890625 0.8609375 0.0203125 0.0328125
4 0.8953125 0.1546875 0.021875 0.0296875
4 0.46171875 0.46640625 0.0171875 0.034375
4 0.41171875 0.71875 0.0234375 0.0296875
4 0.234375 0.87734375 0.0203125 0.03125
4 0.24453125 0.81796875 0.021875 0.0328125
4 0.1171875 0.90078125 0.021875 0.03125
4 0.7171875 0.41796875 0.0203125 0.028125
4 0.49921875 0.4828125 0.021875 0.0296875
1 0.634375 0.615625 0.2875 0.24375
0 0.5984375 0.109375 0.01875 0.028125
0 0.50546875 0.41484375 0.021875 0.028125
4 0.25 0.10078125 0.01875 0.0296875
4 0.75390625 0.478125 0.0234375 0.028125
4 0.10234375 0.790625 0.021875 0.03125
4 0.45390625 0.42890625 0.0203125 0.03125
0 0.86015625 0.615625 0.0234375 0.028125
4 0.87578125 0.5765625 0.021875 0.028125
4 0.62734375 0.103125 0.01875 0.0296875
4 0.23828125 0.88203125 0.01875 0.0265625