0 0.78515625 0.88203125 0.028125 0.034375
1 0.71640625 0.534375 0.171875 0.3140625
4 0.325 0.32109375 0.01875 0.03125
4 0.5234375 0.3734375 0.0171875 0.028125
4 0.165625 0.90234375 0.025 0.0328125
4 0.14140625 0.15546875 0.021875 0.0328125
4 0.534375 0.15625 0.0171875 0.034375
4 0.7 0.8265625 0.0203125 0.0328125
4 0.5546875 0.3484375 0.0203125 0.0296875
4 0.50859375 0.48203125 0.0203125 0.03125
0 0.11171875 0.3375 0.0234375 0.0234375
4 0.5921875 0.415625 0.0203125 0.03125
0 0.14375 0.19609375 0.025 0.0296875
4 0.159375 0.18359375 0.0203125 0.0296875
4 0.20546875 0.34453125 0.0203125 0.0296875
0 0.6109375 0.24140625 0.0203125 0.0234375