1 0.328125 0.77890625 0.2953125 0.1890625
4 0.4921875 0.06328125 0.01953125 0.03359375
3 0.2953125 0.79375 0.0328125 0.05
4 0.3609375 0.2984375 0.01875 0.03203125
4 0.64375 0.93515625 0.02265625 0.034375
4 0.15703125 0.1921875 0.0203125 0.03515625
4 0.74375 0.384375 0.01796875 0.028125
0 0.4625 0.4515625 0.0203125 0.0359375
4 0.46875 0.5328125 0.0171875 0.02890625
4 0.43828125 0.51328125 0.01640625 0.02890625
4 0.44375 0.16484375 0.0203125 0.0328125
0 0.30546875 0.13046875 0.02265625 0.03359375
0 0.125 0.93671875 0.01875 0.034375
2 0.45078125 0.77421875 0.0296875 0.04765625
0 0.65078125 0.0390625 0.021875 0.03125