1 0.290625 0.50234375 0.2125 0.328125
4 0.24375 0.696875 0.021875 0.028125
4 0.475 0.1359375 0.0171875 0.0328125
4 0.62109375 0.80703125 0.0203125 0.03125
0 0.39609375 0.5953125 0.021875 0.0265625
4 0.31953125 0.69921875 0.0203125 0.0296875
4 0.32734375 0.26484375 0.0203125 0.0296875
4 0.66171875 0.8046875 0.0171875 0.0328125
0 0.546875 0.096875 0.0234375 0.0328125
0 0.390625 0.0953125 0.028125 0.0296875
4 0.32265625 0.115625 0.0203125 0.03125
4 0.30546875 0.1015625 0.0203125 0.0296875
4 0.47578125 0.49765625 0.0203125 0.0296875