1 0.2921875 0.5015625 0.209375 0.3109375
4 0.76875 0.2859375 0.021875 0.0375
4 0.46953125 0.12421875 0.01875 0.0328125
4 0.31953125 0.24921875 0.021875 0.03125
4 0.6484375 0.14765625 0.0203125 0.03125
4 0.62109375 0.178125 0.021875 0.03125
0 0.39765625 0.61953125 0.0203125 0.03125
0 0.57421875 0.1171875 0.021875 0.03125
4 0.315625 0.13046875 0.0203125 0.03125
4 0.37421875 0.2734375 0.0203125 0.0296875
0 0.46015625 0.08984375 0.0203125 0.0359375
4 0.475 0.49765625 0.0203125 0.0296875
4 0.57421875 0.4015625 0.021875 0.0296875