4 0.3484375 0.11953125 0.021875 0.03125
0 0.78515625 0.88203125 0.0265625 0.034375
4 0.10078125 0.09296875 0.021875 0.03125
4 0.61328125 0.8671875 0.021875 0.03125
4 0.75390625 0.18359375 0.0203125 0.03125
4 0.90390625 0.48984375 0.0234375 0.025
4 0.5109375 0.4828125 0.0203125 0.03125
4 0.096875 0.87265625 0.0265625 0.0328125
4 0.903125 0.2421875 0.01875 0.0296875
4 0.80859375 0.2515625 0.021875 0.0296875
4 0.5890625 0.33203125 0.0203125 0.03125
1 0.20625 0.66171875 0.3015625 0.2265625
0 0.809375 0.14453125 0.0234375 0.0296875
0 0.8546875 0.32578125 0.028125 0.0328125
0 0.82578125 0.41328125 0.025 0.03125
4 0.57109375 0.321875 0.0234375 0.03125