1 0.29296875 0.4703125 0.3015625 0.20625
4 0.16953125 0.85078125 0.0203125 0.03125
4 0.10625 0.2484375 0.021875 0.0296875
4 0.15703125 0.14296875 0.0203125 0.0296875
4 0.14609375 0.64765625 0.021875 0.028125
4 0.49609375 0.50625 0.0171875 0.028125
4 0.465625 0.11953125 0.01875 0.034375
4 0.5125 0.896875 0.0203125 0.034375
4 0.7078125 0.7296875 0.021875 0.028125
0 0.5765625 0.8015625 0.025 0.0328125
4 0.10859375 0.0984375 0.021875 0.03125
4 0.16640625 0.1078125 0.0234375 0.03125
4 0.15 0.0953125 0.0234375 0.03125
0 0.10390625 0.84921875 0.028125 0.028125
0 0.08359375 0.90546875 0.0296875 0.0265625
0 0.49375 0.57890625 0.01875 0.0328125
0 0.4203125 0.5375 0.046875 0.046875