0 0.784375 0.88203125 0.028125 0.0359375
4 0.32421875 0.321875 0.01875 0.03125
4 0.72734375 0.73828125 0.0203125 0.0296875
4 0.7171875 0.78828125 0.0203125 0.03125
4 0.50859375 0.48203125 0.0203125 0.0296875
4 0.5125 0.89765625 0.0203125 0.0359375
4 0.85 0.340625 0.021875 0.03125
4 0.53828125 0.15390625 0.0171875 0.025
0 0.4546875 0.76171875 0.025 0.028125
1 0.71875 0.44765625 0.2625 0.2734375
0 0.675 0.60859375 0.0234375 0.03125
4 0.6921875 0.728125 0.0203125 0.03125
4 0.45625 0.12734375 0.021875 0.0328125
0 0.521875 0.17265625 0.0234375 0.0296875
4 0.475 0.1375 0.01875 0.028125
4 0.59140625 0.315625 0.0203125 0.0265625