1 0.22109375 0.65234375 0.3109375 0.2390625
0 0.78515625 0.88203125 0.0265625 0.034375
4 0.3484375 0.11953125 0.021875 0.03125
4 0.75390625 0.18359375 0.01875 0.03125
4 0.615625 0.8671875 0.0203125 0.034375
4 0.90390625 0.490625 0.021875 0.025
4 0.5109375 0.4828125 0.0203125 0.03125
4 0.165625 0.4203125 0.021875 0.03125
4 0.90234375 0.24140625 0.0234375 0.03125
4 0.80859375 0.2515625 0.021875 0.0296875
4 0.5890625 0.33203125 0.021875 0.03125
0 0.809375 0.14453125 0.0234375 0.0296875
0 0.8546875 0.32578125 0.028125 0.03125
0 0.825 0.41328125 0.025 0.0296875
4 0.5703125 0.321875 0.0234375 0.03125