1 0.584375 0.63671875 0.26328125 0.1609375
3 0.60234375 0.640625 0.0328125 0.06015625
4 0.7125 0.05703125 0.0203125 0.0328125
4 0.24765625 0.6953125 0.0203125 0.034375
4 0.434375 0.41953125 0.0203125 0.0328125
0 0.43046875 0.525 0.0203125 0.03359375
4 0.35546875 0.940625 0.01953125 0.03359375
0 0.1203125 0.1578125 0.01796875 0.034375
4 0.68125 0.71484375 0.01875 0.0296875
4 0.38125 0.21953125 0.021875 0.0328125
0 0.58515625 0.82109375 0.0203125 0.03359375
4 0.753125 0.375 0.01953125 0.02890625
0 0.7984375 0.75625 0.01796875 0.028125
2 0.46796875 0.6796875 0.0296875 0.04375
4 0.37109375 0.9359375 0.02265625 0.034375