2 0.30390625 0.52265625 0.028125 0.04609375
1 0.278125 0.32109375 0.13828125 0.44453125
0 0.7671875 0.3640625 0.021875 0.03203125
4 0.13046875 0.32734375 0.01953125 0.03203125
4 0.8125 0.9296875 0.02109375 0.03515625
4 0.54921875 0.5109375 0.01953125 0.0328125
4 0.61328125 0.11640625 0.0203125 0.03359375
4 0.17265625 0.09765625 0.0203125 0.0328125
3 0.2625 0.26953125 0.03125 0.05
4 0.8109375 0.0546875 0.02109375 0.03515625
4 0.21328125 0.66875 0.021875 0.03359375
4 0.67578125 0.94375 0.021875 0.03515625