0 0.78515625 0.88203125 0.028125 0.034375
4 0.140625 0.15625 0.021875 0.0328125
4 0.32421875 0.321875 0.01875 0.03125
4 0.52421875 0.37421875 0.0171875 0.028125
4 0.165625 0.903125 0.0234375 0.03125
4 0.74296875 0.31015625 0.0203125 0.0296875
4 0.50859375 0.48203125 0.0203125 0.03125
1 0.859375 0.24140625 0.2484375 0.271875
4 0.7 0.8265625 0.0203125 0.0328125
0 0.1125 0.3328125 0.0234375 0.034375
4 0.20625 0.34453125 0.0203125 0.0296875
4 0.1625 0.19140625 0.0203125 0.03125
4 0.59296875 0.41484375 0.0203125 0.0296875
0 0.7390625 0.278125 0.0265625 0.028125
4 0.57734375 0.17421875 0.0203125 0.034375
0 0.5828125 0.3453125 0.01875 0.0265625