4 0.63671875 0.73125 0.021875 0.0296875
4 0.6984375 0.721875 0.021875 0.03125
1 0.24765625 0.4765625 0.178125 0.3234375
4 0.9296875 0.64921875 0.0234375 0.03125
4 0.89375 0.66875 0.0203125 0.028125
4 0.48984375 0.4671875 0.0203125 0.03125
0 0.86875 0.084375 0.025 0.034375
4 0.53359375 0.4515625 0.01875 0.0296875
4 0.53359375 0.4765625 0.0171875 0.028125
0 0.86015625 0.24453125 0.025 0.0296875
4 0.5140625 0.428125 0.0171875 0.0328125
4 0.51328125 0.48671875 0.0203125 0.028125
0 0.51015625 0.46015625 0.021875 0.0296875