4 0.12890625 0.8515625 0.021875 0.034375
4 0.35703125 0.73984375 0.01953125 0.034375
4 0.58046875 0.3953125 0.0203125 0.0328125
4 0.82890625 0.63671875 0.02109375 0.03359375
4 0.4546875 0.70078125 0.0203125 0.034375
4 0.484375 0.09140625 0.01953125 0.03828125
3 0.18671875 0.30078125 0.03203125 0.04765625
4 0.64296875 0.940625 0.0234375 0.034375
1 0.2109375 0.2875 0.13984375 0.39765625
0 0.53671875 0.0421875 0.0203125 0.0328125
2 0.16875 0.11484375 0.03125 0.0453125
0 0.28828125 0.665625 0.02109375 0.03046875
0 0.1234375 0.90078125 0.0203125 0.03125