0 0.7859375 0.88203125 0.0265625 0.034375
4 0.325 0.32109375 0.01875 0.03125
4 0.465625 0.11953125 0.01875 0.0328125
4 0.5984375 0.31953125 0.01875 0.03125
4 0.4125 0.14765625 0.0203125 0.0328125
4 0.3671875 0.14765625 0.0203125 0.0328125
4 0.4359375 0.83359375 0.0234375 0.0328125
0 0.565625 0.3734375 0.0234375 0.0296875
4 0.50859375 0.48203125 0.0203125 0.03125
4 0.7171875 0.7875 0.0203125 0.0328125
4 0.09921875 0.40390625 0.0234375 0.03125
4 0.5125 0.896875 0.0203125 0.034375
0 0.675 0.60859375 0.021875 0.03125
1 0.75 0.46015625 0.1625 0.3359375
0 0.2625 0.6578125 0.025 0.0328125
4 0.5296875 0.3453125 0.01875 0.028125