4 0.15234375 0.1171875 0.0234375 0.0296875
1 0.2890625 0.49453125 0.2015625 0.24375
0 0.39765625 0.59453125 0.021875 0.0265625
4 0.30859375 0.096875 0.01875 0.0265625
4 0.94453125 0.37421875 0.021875 0.028125
4 0.25 0.1015625 0.0203125 0.03125
4 0.93515625 0.18671875 0.0234375 0.0328125
4 0.30234375 0.63515625 0.0234375 0.0296875
0 0.9046875 0.0578125 0.0265625 0.0296875
4 0.14296875 0.90546875 0.021875 0.0296875
4 0.9171875 0.30390625 0.021875 0.0296875
0 0.3953125 0.09296875 0.021875 0.028125
4 0.47578125 0.5 0.021875 0.0328125