0 0.78515625 0.88203125 0.028125 0.0359375
1 0.7671875 0.53828125 0.24375 0.1296875
4 0.165625 0.903125 0.0234375 0.0328125
4 0.325 0.32109375 0.01875 0.03125
4 0.14140625 0.15625 0.021875 0.0328125
4 0.52421875 0.3734375 0.015625 0.0296875
4 0.534375 0.15625 0.015625 0.034375
4 0.7 0.8265625 0.0203125 0.0328125
4 0.55703125 0.35 0.0203125 0.03125
4 0.50859375 0.48203125 0.0203125 0.03125
4 0.20625 0.34453125 0.0203125 0.0296875
4 0.159375 0.18359375 0.021875 0.03125
0 0.1125 0.33359375 0.0234375 0.0328125
4 0.59375 0.415625 0.0203125 0.0296875
0 0.14296875 0.196875 0.025 0.0328125
0 0.60546875 0.24765625 0.0203125 0.0296875