1 0.6890625 0.5734375 0.29375 0.2375
4 0.265625 0.1125 0.021875 0.034375
0 0.78515625 0.88203125 0.028125 0.0328125
4 0.7359375 0.3171875 0.0234375 0.0296875
4 0.525 0.375 0.0171875 0.028125
0 0.109375 0.3375 0.0234375 0.0234375
4 0.7 0.8265625 0.021875 0.0328125
4 0.50859375 0.48203125 0.0203125 0.03125
4 0.27109375 0.60625 0.021875 0.03125
4 0.20625 0.34453125 0.0203125 0.0296875
4 0.80625 0.7890625 0.01875 0.0296875
4 0.5609375 0.3265625 0.01875 0.0296875
4 0.58984375 0.33203125 0.0171875 0.0296875
0 0.5640625 0.36640625 0.01875 0.0265625
0 0.2859375 0.62578125 0.0234375 0.034375
4 0.8265625 0.7875 0.0203125 0.0328125