1 0.24453125 0.8109375 0.18125 0.2609375
4 0.70390625 0.84765625 0.0203125 0.0296875
4 0.45 0.36640625 0.01875 0.03125
4 0.66953125 0.41953125 0.01875 0.03125
4 0.65 0.49296875 0.0171875 0.0296875
4 0.4203125 0.4078125 0.01875 0.03125
4 0.50234375 0.3625 0.01875 0.03125
4 0.5890625 0.628125 0.015625 0.0296875
4 0.6015625 0.590625 0.01875 0.028125
4 0.53125 0.5828125 0.01875 0.0296875
4 0.6265625 0.40390625 0.01875 0.03125
4 0.63828125 0.1125 0.01875 0.0296875
0 0.78046875 0.7640625 0.01875 0.0296875