4 0.7578125 0.2578125 0.01796875 0.028125
4 0.5515625 0.44140625 0.0171875 0.021875
4 0.6890625 0.44140625 0.0203125 0.028125
2 0.428125 0.39609375 0.02421875 0.0421875
4 0.81328125 0.13359375 0.01796875 0.03125
4 0.52890625 0.4859375 0.01796875 0.02890625
4 0.5265625 0.4 0.01875 0.0265625
4 0.81640625 0.06640625 0.02109375 0.03125
4 0.50859375 0.44453125 0.01484375 0.02265625
4 0.1921875 0.1296875 0.021875 0.03125
0 0.30859375 0.08359375 0.021875 0.03046875
3 0.46015625 0.15546875 0.0265625 0.0484375
4 0.74921875 0.30234375 0.01640625 0.025
1 0.459375 0.20625 0.090625 0.4125