4 0.80859375 0.55703125 0.0203125 0.0296875
4 0.528125 0.7921875 0.01796875 0.02734375
4 0.528125 0.76171875 0.01796875 0.028125
1 0.296875 0.76328125 0.184375 0.2171875
3 0.30390625 0.7640625 0.0234375 0.04375
4 0.378125 0.17421875 0.021875 0.0328125
4 0.18828125 0.7296875 0.0203125 0.02890625
4 0.78671875 0.84296875 0.01875 0.03203125
4 0.34296875 0.07734375 0.02109375 0.0375
0 0.59453125 0.0578125 0.01796875 0.034375
2 0.20859375 0.85078125 0.0234375 0.04375
4 0.24765625 0.91328125 0.0203125 0.0296875
4 0.23046875 0.89609375 0.01875 0.034375
4 0.78125 0.86953125 0.01953125 0.0328125