4 0.2703125 0.12109375 0.015625 0.0359375
1 0.271875 0.35078125 0.125 0.3265625
4 0.45 0.3671875 0.01875 0.03125
4 0.59609375 0.4390625 0.01875 0.0296875
4 0.16171875 0.909375 0.021875 0.034375
4 0.16953125 0.0671875 0.01875 0.0296875
4 0.2421875 0.06796875 0.01875 0.03125
4 0.50234375 0.36328125 0.01875 0.0328125
4 0.3140625 0.0734375 0.01875 0.0328125
4 0.21796875 0.77265625 0.0203125 0.034375
4 0.1765625 0.8515625 0.0171875 0.034375
4 0.5546875 0.540625 0.0203125 0.028125
0 0.78046875 0.7640625 0.0203125 0.0296875