1 0.7390625 0.78515625 0.1921875 0.33984375
4 0.58515625 0.7984375 0.0203125 0.034375
2 0.81328125 0.91953125 0.02421875 0.04765625
4 0.25703125 0.61484375 0.02109375 0.03203125
4 0.33359375 0.0640625 0.02109375 0.034375
4 0.40390625 0.57890625 0.0203125 0.0328125
4 0.34609375 0.896875 0.02109375 0.0359375
4 0.1265625 0.37890625 0.0203125 0.03125
3 0.73828125 0.77734375 0.02734375 0.046875
0 0.14921875 0.7625 0.021875 0.03359375
4 0.17578125 0.73203125 0.02109375 0.034375
4 0.1265625 0.1953125 0.021875 0.034375
4 0.11875 0.80703125 0.02109375 0.03515625