1 0.21953125 0.47890625 0.209375 0.146875
4 0.7921875 0.0328125 0.01875 0.03125
0 0.4375 0.578125 0.02109375 0.03125
4 0.54140625 0.403125 0.01875 0.0328125
4 0.6484375 0.0875 0.02109375 0.034375
3 0.2234375 0.471875 0.0296875 0.05390625
4 0.51640625 0.446875 0.01953125 0.0328125
4 0.78203125 0.10546875 0.021875 0.034375
4 0.59296875 0.06328125 0.0203125 0.034375
2 0.12734375 0.46953125 0.021875 0.0484375
4 0.77109375 0.03828125 0.0203125 0.03359375
4 0.3296875 0.934375 0.021875 0.03671875
4 0.77578125 0.7390625 0.0203125 0.03046875