1 0.690625 0.23046875 0.140625 0.4328125
4 0.49921875 0.1140625 0.0203125 0.03359375
4 0.5171875 0.3046875 0.01953125 0.03125
4 0.33359375 0.06484375 0.02109375 0.03359375
4 0.2578125 0.61484375 0.02109375 0.0328125
4 0.4046875 0.57890625 0.0203125 0.03359375
3 0.696875 0.17734375 0.03203125 0.05703125
4 0.58515625 0.8015625 0.02109375 0.034375
4 0.16171875 0.85 0.021875 0.03359375
2 0.74765625 0.41015625 0.02734375 0.05625
4 0.1265625 0.1953125 0.02109375 0.034375
0 0.1484375 0.89609375 0.0234375 0.034375