4 0.33671875 0.8671875 0.01796875 0.02890625
3 0.32734375 0.7671875 0.02109375 0.0421875
4 0.85625 0.59609375 0.01796875 0.02734375
4 0.4 0.65625 0.0203125 0.0265625
4 0.4671875 0.1171875 0.01640625 0.02734375
4 0.246875 0.73359375 0.01640625 0.028125
1 0.32109375 0.771875 0.1546875 0.22890625
4 0.5578125 0.41015625 0.01640625 0.0296875
4 0.8328125 0.496875 0.0171875 0.02890625
4 0.27421875 0.1921875 0.01875 0.02578125
4 0.7625 0.76015625 0.01875 0.03046875
2 0.25390625 0.8609375 0.0203125 0.04296875
4 0.25703125 0.10703125 0.0203125 0.03046875
0 0.240625 0.8734375 0.0171875 0.03046875