2 0.5953125 0.9234375 0.0265625 0.0484375
1 0.57421875 0.7359375 0.1109375 0.41640625
3 0.5765625 0.70625 0.03046875 0.0484375
4 0.6484375 0.0875 0.02109375 0.03515625
4 0.33203125 0.93203125 0.021875 0.0359375
4 0.79140625 0.0328125 0.0203125 0.03359375
4 0.59296875 0.0625 0.0203125 0.034375
4 0.7875 0.21953125 0.02109375 0.03359375
4 0.3859375 0.9015625 0.0203125 0.03671875
4 0.65 0.6671875 0.0203125 0.03125
4 0.50859375 0.7421875 0.01875 0.03203125
4 0.78046875 0.128125 0.0203125 0.034375
0 0.53984375 0.765625 0.0171875 0.0328125