1 0.2625 0.3875 0.2109375 0.2828125
4 0.27109375 0.12109375 0.0171875 0.0359375
4 0.45 0.3671875 0.01875 0.03125
4 0.16171875 0.91015625 0.0234375 0.034375
4 0.16953125 0.0671875 0.01875 0.0296875
4 0.59609375 0.4390625 0.01875 0.03125
4 0.21796875 0.771875 0.0203125 0.0328125
4 0.31484375 0.0734375 0.0171875 0.0328125
4 0.2421875 0.06796875 0.0203125 0.03125
4 0.5015625 0.36328125 0.01875 0.0328125
4 0.1765625 0.8515625 0.0171875 0.034375
4 0.5546875 0.540625 0.0203125 0.0296875
0 0.77734375 0.7625 0.0203125 0.0390625