1 0.753125 0.38125 0.196875 0.25625
4 0.246875 0.84765625 0.01796875 0.03046875
4 0.58671875 0.5515625 0.01640625 0.02578125
4 0.5546875 0.55546875 0.0140625 0.028125
4 0.7609375 0.89375 0.0203125 0.03359375
4 0.32890625 0.5109375 0.015625 0.0296875
4 0.83828125 0.89296875 0.021875 0.03671875
4 0.56875 0.115625 0.01796875 0.02734375
4 0.5765625 0.40390625 0.01953125 0.025
4 0.26171875 0.1015625 0.01875 0.02421875
2 0.8328125 0.47734375 0.025 0.03515625
0 0.55234375 0.5046875 0.015625 0.0265625
4 0.784375 0.64296875 0.01796875 0.03046875
3 0.7453125 0.36875 0.028125 0.04453125