3 0.67109375 0.63828125 0.02734375 0.0453125
4 0.296875 0.4609375 0.0171875 0.028125
4 0.503125 0.43828125 0.01796875 0.028125
4 0.2140625 0.6671875 0.02421875 0.03203125
4 0.52734375 0.484375 0.01796875 0.0296875
4 0.33125 0.746875 0.02109375 0.034375
2 0.54765625 0.7296875 0.025 0.04453125
4 0.3703125 0.0609375 0.01953125 0.028125
0 0.31640625 0.45234375 0.01640625 0.03515625
1 0.63125 0.64375 0.24453125 0.19453125
4 0.45390625 0.84375 0.0203125 0.03125
4 0.19140625 0.128125 0.01796875 0.03515625
4 0.39765625 0.65234375 0.0203125 0.02890625
4 0.35 0.6890625 0.01953125 0.03984375