2 0.528125 0.60390625 0.02734375 0.04921875
1 0.54140625 0.4015625 0.09609375 0.43203125
4 0.6484375 0.6640625 0.0203125 0.03203125
4 0.3703125 0.58046875 0.01953125 0.03203125
4 0.6484375 0.0875 0.0203125 0.034375
4 0.79140625 0.0328125 0.01953125 0.03359375
4 0.78984375 0.2203125 0.0203125 0.034375
4 0.33125 0.93046875 0.02265625 0.03671875
4 0.59296875 0.06328125 0.0203125 0.034375
3 0.540625 0.353125 0.03125 0.04609375
4 0.78046875 0.128125 0.0203125 0.034375
0 0.5015625 0.57109375 0.0171875 0.0328125