1 0.15546875 0.5390625 0.275 0.28984375
2 0.26796875 0.42109375 0.028125 0.05
4 0.18984375 0.79375 0.02109375 0.03515625
4 0.590625 0.934375 0.01953125 0.034375
4 0.6453125 0.0421875 0.01953125 0.03203125
4 0.678125 0.1515625 0.01953125 0.0328125
4 0.1609375 0.93125 0.02265625 0.03671875
4 0.71796875 0.8015625 0.0203125 0.0328125
3 0.11875 0.540625 0.03203125 0.05546875
4 0.30390625 0.40859375 0.01953125 0.03203125
4 0.55390625 0.921875 0.0203125 0.034375
0 0.61796875 0.93984375 0.0203125 0.03046875
4 0.70078125 0.1828125 0.0203125 0.0328125