2 0.3828125 0.88046875 0.02734375 0.04921875
1 0.3984375 0.69921875 0.10703125 0.41328125
4 0.62734375 0.91484375 0.0203125 0.034375
3 0.38515625 0.65546875 0.0296875 0.04453125
4 0.14765625 0.8828125 0.0203125 0.03046875
4 0.70390625 0.17890625 0.01953125 0.0328125
4 0.165625 0.85390625 0.01796875 0.03125
4 0.2609375 0.74921875 0.01875 0.0296875
4 0.24609375 0.6890625 0.01953125 0.0296875
0 0.26953125 0.71875 0.0171875 0.025
4 0.6734375 0.03203125 0.0203125 0.0328125
4 0.8078125 0.7671875 0.02265625 0.034375
4 0.7953125 0.525 0.01953125 0.03046875