4 0.1765625 0.7140625 0.02265625 0.034375
3 0.53828125 0.10078125 0.028125 0.04921875
4 0.3546875 0.6953125 0.01875 0.028125
4 0.39921875 0.653125 0.021875 0.02890625
2 0.52890625 0.35234375 0.0234375 0.04140625
4 0.52734375 0.48515625 0.0171875 0.0296875
0 0.3078125 0.08359375 0.02265625 0.03125
4 0.3703125 0.06015625 0.01875 0.034375
4 0.19140625 0.128125 0.01796875 0.03515625
4 0.58828125 0.3015625 0.01953125 0.02421875
4 0.50625 0.4453125 0.015625 0.0265625
4 0.1921875 0.74140625 0.01953125 0.03125
1 0.53359375 0.18671875 0.07734375 0.3734375
4 0.51015625 0.37265625 0.01484375 0.028125