4 0.63671875 0.7859375 0.01796875 0.02890625
1 0.353125 0.51328125 0.1828125 0.1359375
4 0.30078125 0.871875 0.01875 0.028125
4 0.27578125 0.1859375 0.01640625 0.0265625
4 0.7484375 0.58828125 0.01640625 0.0265625
4 0.2734375 0.371875 0.01796875 0.02734375
4 0.55078125 0.878125 0.02265625 0.03125
4 0.7671875 0.80546875 0.01953125 0.03125
3 0.36171875 0.50703125 0.0296875 0.05625
4 0.79921875 0.85 0.0203125 0.02890625
2 0.26796875 0.4890625 0.02421875 0.0359375
0 0.8640625 0.1125 0.02109375 0.02265625
4 0.26015625 0.1015625 0.01640625 0.0265625
4 0.275 0.1 0.0171875 0.0265625