1 0.6515625 0.35078125 0.2265625 0.32578125
2 0.56015625 0.20703125 0.028125 0.046875
4 0.41796875 0.58671875 0.01875 0.0328125
4 0.54140625 0.403125 0.01953125 0.03125
4 0.6484375 0.0875 0.0203125 0.034375
4 0.3265625 0.1484375 0.02109375 0.034375
4 0.5921875 0.06328125 0.0203125 0.034375
0 0.14921875 0.73125 0.0234375 0.03203125
4 0.33203125 0.93203125 0.02265625 0.03671875
4 0.79140625 0.0328125 0.01953125 0.0328125
4 0.37734375 0.8875 0.0203125 0.0359375
4 0.25859375 0.103125 0.0203125 0.0328125
3 0.6625 0.353125 0.0328125 0.05234375