1 0.73359375 0.6796875 0.1734375 0.37265625
2 0.803125 0.8359375 0.025 0.04765625
3 0.7359375 0.66484375 0.03125 0.04765625
4 0.6484375 0.0875 0.02109375 0.03515625
4 0.79140625 0.0328125 0.0203125 0.03359375
4 0.59296875 0.0625 0.0203125 0.034375
4 0.37734375 0.8875 0.0203125 0.03515625
4 0.7875 0.21875 0.02109375 0.0328125
4 0.65078125 0.66875 0.0203125 0.03203125
4 0.33125 0.93046875 0.021875 0.03671875
4 0.50859375 0.7421875 0.01875 0.0328125
0 0.49921875 0.78359375 0.02109375 0.03203125
4 0.78046875 0.128125 0.0203125 0.034375