4 0.48828125 0.51796875 0.01875 0.02734375
4 0.44609375 0.6015625 0.01796875 0.02890625
4 0.34765625 0.2375 0.01640625 0.028125
1 0.7921875 0.259375 0.1078125 0.33359375
4 0.640625 0.49765625 0.01875 0.0265625
4 0.26640625 0.30859375 0.0171875 0.02578125
4 0.76171875 0.77890625 0.02109375 0.0296875
2 0.84375 0.13125 0.02421875 0.04375
4 0.63203125 0.26640625 0.01953125 0.03203125
4 0.2625 0.1140625 0.01640625 0.0296875
3 0.80625 0.27890625 0.02578125 0.0390625
4 0.2609375 0.146875 0.01796875 0.0234375
0 0.25625 0.26484375 0.01796875 0.03046875
4 0.278125 0.109375 0.01640625 0.03046875