1 0.3 0.678125 0.21484375 0.2203125
2 0.21796875 0.7703125 0.021875 0.04453125
3 0.30625 0.690625 0.0265625 0.046875
4 0.70390625 0.17890625 0.01953125 0.03359375
4 0.62734375 0.91484375 0.02109375 0.034375
4 0.2171875 0.728125 0.01796875 0.02734375
4 0.6734375 0.03203125 0.0203125 0.0328125
0 0.15078125 0.81796875 0.0234375 0.03046875
4 0.8078125 0.7671875 0.02265625 0.034375
4 0.15078125 0.9171875 0.02109375 0.03203125
4 0.16015625 0.859375 0.02109375 0.03203125
4 0.79453125 0.52421875 0.01953125 0.03046875
4 0.14375 0.88125 0.021875 0.0328125