4 0.49296875 0.578125 0.02109375 0.03203125
4 0.7578125 0.8703125 0.0203125 0.03203125
4 0.5359375 0.6140625 0.0203125 0.03046875
4 0.69609375 0.76015625 0.01875 0.0296875
4 0.79296875 0.7609375 0.01875 0.0328125
3 0.48203125 0.75390625 0.034375 0.05703125
4 0.40703125 0.8078125 0.02109375 0.034375
4 0.76875 0.484375 0.01640625 0.025
4 0.22578125 0.075 0.02109375 0.03359375
0 0.18046875 0.8296875 0.021875 0.03125
4 0.6625 0.75390625 0.0171875 0.02734375
1 0.4671875 0.7390625 0.196875 0.1484375
4 0.83203125 0.7546875 0.0203125 0.0328125
2 0.35625 0.74453125 0.02265625 0.0453125