4 0.5875 0.55234375 0.0171875 0.0265625
3 0.7640625 0.44453125 0.0296875 0.03828125
1 0.7375 0.44453125 0.23203125 0.24375
4 0.784375 0.68203125 0.01875 0.03046875
4 0.55390625 0.55546875 0.0140625 0.02734375
4 0.8375 0.89296875 0.02109375 0.03515625
4 0.70234375 0.1609375 0.01875 0.03125
4 0.6328125 0.346875 0.01640625 0.02734375
4 0.2609375 0.1 0.01875 0.025
4 0.65546875 0.70390625 0.0203125 0.03046875
0 0.55234375 0.50390625 0.015625 0.0265625
4 0.7046875 0.6453125 0.02109375 0.0296875
2 0.6375 0.5390625 0.0234375 0.0328125
4 0.30859375 0.33046875 0.01953125 0.03359375