4 0.58203125 0.6 0.01796875 0.03046875
4 0.63515625 0.08671875 0.01953125 0.03203125
4 0.67109375 0.2890625 0.0203125 0.0296875
4 0.1828125 0.915625 0.02265625 0.02734375
4 0.196875 0.159375 0.01953125 0.03125
4 0.540625 0.66640625 0.0203125 0.0328125
4 0.4140625 0.6390625 0.0203125 0.02890625
4 0.18984375 0.21171875 0.02109375 0.02890625
4 0.17421875 0.0578125 0.01796875 0.02890625
4 0.20234375 0.078125 0.021875 0.03203125
2 0.7390625 0.8625 0.02578125 0.04140625
1 0.803125 0.7015625 0.16875 0.33828125
3 0.82734375 0.68984375 0.028125 0.04296875
0 0.18671875 0.0890625 0.02265625 0.03125