4 0.3984375 0.14765625 0.01875 0.028125
4 0.52734375 0.4875 0.0171875 0.03046875
3 0.34296875 0.59296875 0.0296875 0.05390625
4 0.7125 0.16796875 0.01875 0.0296875
4 0.42421875 0.1078125 0.0203125 0.03046875
4 0.68984375 0.2671875 0.01953125 0.0296875
4 0.35703125 0.09453125 0.0203125 0.03359375
4 0.45234375 0.8453125 0.01875 0.03359375
2 0.43515625 0.41796875 0.025 0.04140625
4 0.81484375 0.4265625 0.0203125 0.028125
4 0.225 0.8765625 0.02265625 0.02890625
0 0.5265625 0.4109375 0.015625 0.0265625
1 0.3546875 0.571875 0.18828125 0.3546875
4 0.56484375 0.85390625 0.01875 0.02890625