1 0.16796875 0.2734375 0.1640625 0.39453125
4 0.7921875 0.0328125 0.01796875 0.03125
2 0.196875 0.08984375 0.0265625 0.04453125
3 0.14921875 0.2875 0.03203125 0.046875
4 0.54140625 0.403125 0.01875 0.0328125
4 0.4953125 0.55234375 0.0203125 0.0328125
4 0.5921875 0.06328125 0.0203125 0.034375
4 0.78203125 0.10546875 0.02109375 0.034375
0 0.4359375 0.57890625 0.021875 0.03125
4 0.77109375 0.03828125 0.0203125 0.0328125
4 0.70546875 0.31015625 0.02109375 0.03359375
4 0.6140625 0.790625 0.02109375 0.03515625
4 0.77578125 0.7390625 0.02109375 0.03046875