4 0.55234375 0.44140625 0.01640625 0.02265625
4 0.7578125 0.2578125 0.01796875 0.028125
1 0.2828125 0.64765625 0.21875 0.33515625
4 0.8140625 0.134375 0.01796875 0.03046875
4 0.52734375 0.40390625 0.01875 0.0296875
4 0.52890625 0.4859375 0.01796875 0.02890625
4 0.81640625 0.06640625 0.02109375 0.03125
4 0.6828125 0.43984375 0.0203125 0.03203125
4 0.19140625 0.12890625 0.01796875 0.0359375
4 0.50859375 0.44453125 0.015625 0.02421875
3 0.26484375 0.63125 0.0265625 0.05078125
2 0.36640625 0.79375 0.025 0.0421875
0 0.30859375 0.08359375 0.0234375 0.03359375
4 0.74921875 0.30234375 0.0171875 0.0265625