4 0.3375 0.86640625 0.01796875 0.0296875
4 0.4 0.65625 0.0203125 0.02734375
4 0.85625 0.59609375 0.01796875 0.028125
3 0.3265625 0.76328125 0.021875 0.05
4 0.4671875 0.1171875 0.01640625 0.02734375
1 0.28046875 0.771875 0.06953125 0.2296875
4 0.246875 0.734375 0.01640625 0.02734375
4 0.8328125 0.49609375 0.01796875 0.02890625
4 0.55859375 0.4109375 0.01875 0.02734375
4 0.27421875 0.1921875 0.01953125 0.02578125
4 0.7625 0.76015625 0.01875 0.03125
2 0.2546875 0.8609375 0.0203125 0.04140625
4 0.25703125 0.10703125 0.01953125 0.0296875
0 0.240625 0.8734375 0.0171875 0.03046875