4 0.54921875 0.44921875 0.01484375 0.03125
4 0.178125 0.89140625 0.02265625 0.03125
4 0.1953125 0.0671875 0.021875 0.0296875
1 0.74296875 0.6375 0.18671875 0.15546875
4 0.20390625 0.87421875 0.021875 0.03359375
2 0.82578125 0.640625 0.0234375 0.04453125
4 0.54453125 0.8703125 0.02109375 0.03515625
4 0.17890625 0.86171875 0.01875 0.0296875
4 0.8140625 0.87734375 0.01953125 0.03359375
4 0.21640625 0.08671875 0.021875 0.034375
4 0.5046875 0.14375 0.01953125 0.0328125
4 0.69453125 0.0984375 0.01953125 0.03125
4 0.50234375 0.46484375 0.015625 0.03359375
3 0.7328125 0.6484375 0.025 0.05625