4 0.596875 0.89609375 0.01875 0.034375
0 0.81015625 0.1484375 0.0171875 0.0265625
4 0.78515625 0.6546875 0.0171875 0.028125
4 0.74140625 0.8921875 0.0171875 0.0265625
4 0.52421875 0.559375 0.0171875 0.03125
4 0.728125 0.86640625 0.01875 0.0296875
4 0.1921875 0.328125 0.0203125 0.0328125
4 0.50703125 0.11328125 0.015625 0.03125
4 0.72890625 0.82109375 0.01875 0.03125
1 0.37578125 0.55078125 0.2265625 0.159375
4 0.7078125 0.86171875 0.01875 0.0328125
4 0.55625 0.91484375 0.01875 0.0328125
4 0.5 0.1796875 0.01875 0.034375