4 0.38828125 0.165625 0.021875 0.03046875
4 0.53203125 0.76171875 0.01953125 0.03125
3 0.3046875 0.76328125 0.02265625 0.04140625
4 0.2015625 0.15234375 0.02265625 0.02734375
4 0.246875 0.3015625 0.02265625 0.03359375
0 0.80625 0.32265625 0.01796875 0.0328125
4 0.18125 0.078125 0.02265625 0.0328125
4 0.528125 0.79296875 0.01875 0.02890625
4 0.7796875 0.87265625 0.01875 0.03359375
1 0.29140625 0.753125 0.1796875 0.21015625
2 0.20859375 0.85 0.02265625 0.04453125
4 0.3484375 0.0796875 0.0203125 0.03203125
4 0.7890625 0.84375 0.0171875 0.0265625