3 0.72109375 0.35703125 0.02734375 0.04453125
4 0.55234375 0.44140625 0.01640625 0.02265625
4 0.7578125 0.2578125 0.01796875 0.028125
1 0.69140625 0.37109375 0.23828125 0.17578125
4 0.8140625 0.134375 0.0171875 0.0296875
4 0.52890625 0.4859375 0.0171875 0.02890625
4 0.5265625 0.40234375 0.01875 0.02890625
4 0.81640625 0.06640625 0.02109375 0.03125
4 0.50859375 0.44453125 0.01484375 0.02421875
4 0.19140625 0.12890625 0.01875 0.03671875
0 0.30625 0.08359375 0.01875 0.03359375
2 0.58828125 0.303125 0.025 0.03828125
4 0.75 0.30078125 0.01640625 0.021875