1 0.51171875 0.6515625 0.2453125 0.1765625
2 0.4 0.7171875 0.02421875 0.05078125
3 0.528125 0.6671875 0.02890625 0.05078125
4 0.5859375 0.7984375 0.02109375 0.03359375
4 0.33359375 0.06484375 0.02109375 0.034375
0 0.75078125 0.22890625 0.02265625 0.03203125
4 0.6296875 0.38046875 0.01953125 0.03203125
4 0.5296875 0.390625 0.01875 0.0328125
4 0.14453125 0.88203125 0.0203125 0.03359375
4 0.40234375 0.578125 0.0171875 0.0296875
4 0.43359375 0.5765625 0.01875 0.03046875
4 0.51640625 0.346875 0.01875 0.02890625
4 0.1265625 0.19453125 0.02109375 0.03671875