3 0.73203125 0.19765625 0.0296875 0.0453125
4 0.7203125 0.4734375 0.01796875 0.028125
4 0.76875 0.48515625 0.01640625 0.025
4 0.559375 0.26171875 0.021875 0.03046875
4 0.61796875 0.38671875 0.0171875 0.0328125
2 0.78671875 0.38828125 0.0234375 0.04140625
4 0.8 0.3328125 0.0171875 0.02734375
4 0.6609375 0.4046875 0.01953125 0.028125
4 0.7734375 0.18984375 0.0171875 0.02734375
4 0.6078125 0.153125 0.0203125 0.03046875
1 0.72734375 0.23046875 0.134375 0.3625
0 0.59453125 0.3796875 0.01796875 0.0328125