1 0.246875 0.17734375 0.2140625 0.3265625
4 0.38046875 0.90234375 0.01875 0.0390625
4 0.653125 0.1578125 0.01875 0.0328125
4 0.69375 0.578125 0.0203125 0.0328125
4 0.678125 0.52265625 0.0171875 0.03125
4 0.48828125 0.08046875 0.015625 0.028125
4 0.634375 0.7140625 0.01875 0.03125
4 0.54140625 0.30703125 0.01875 0.03125
4 0.7671875 0.2421875 0.0203125 0.0296875
0 0.6546875 0.6796875 0.01875 0.0328125
4 0.4765625 0.09453125 0.015625 0.028125
4 0.4421875 0.490625 0.0171875 0.03125
4 0.728125 0.246875 0.0203125 0.0296875