1 0.73359375 0.67890625 0.17421875 0.37265625
2 0.80234375 0.8359375 0.02578125 0.04765625
3 0.73515625 0.66484375 0.03125 0.04765625
4 0.64609375 0.0859375 0.02109375 0.03515625
0 0.49765625 0.78671875 0.0203125 0.03203125
4 0.79140625 0.0328125 0.0203125 0.03359375
4 0.7875 0.21875 0.02109375 0.0328125
4 0.37734375 0.8875 0.0203125 0.03515625
4 0.59296875 0.0625 0.0203125 0.034375
4 0.33125 0.93046875 0.021875 0.03671875
4 0.50859375 0.7421875 0.01953125 0.03359375
4 0.65078125 0.66875 0.0203125 0.03125
4 0.78046875 0.128125 0.0203125 0.034375