1 0.27265625 0.68359375 0.25390625 0.26953125
4 0.409375 0.93828125 0.021875 0.03515625
3 0.2328125 0.68046875 0.03203125 0.0515625
0 0.7671875 0.3671875 0.02265625 0.0328125
2 0.371875 0.79375 0.02734375 0.05
4 0.56796875 0.2359375 0.0203125 0.03203125
4 0.8125 0.92734375 0.01953125 0.034375
4 0.69375 0.871875 0.021875 0.03671875
4 0.384375 0.1078125 0.02109375 0.034375
4 0.72890625 0.14921875 0.02265625 0.0328125
4 0.78515625 0.94296875 0.02109375 0.0328125
4 0.7640625 0.15 0.01953125 0.03203125