4 0.70390625 0.84765625 0.01875 0.0296875
4 0.45 0.36640625 0.0203125 0.0328125
4 0.4203125 0.4078125 0.01875 0.03125
4 0.64765625 0.49375 0.015625 0.0296875
4 0.5890625 0.628125 0.015625 0.03125
1 0.31796875 0.8625 0.253125 0.1875
4 0.50234375 0.3625 0.0203125 0.03125
4 0.6015625 0.590625 0.01875 0.028125
4 0.66640625 0.42890625 0.0203125 0.03125
4 0.63046875 0.41875 0.0203125 0.0328125
4 0.53125 0.58359375 0.0203125 0.03125
4 0.63828125 0.1125 0.01875 0.03125
0 0.78125 0.76328125 0.0203125 0.0296875