1 0.39765625 0.24765625 0.16015625 0.35546875
4 0.41796875 0.58671875 0.01875 0.0328125
3 0.3921875 0.24609375 0.02890625 0.04921875
4 0.5921875 0.06328125 0.01953125 0.03359375
2 0.45234375 0.06796875 0.02734375 0.04296875
0 0.646875 0.56953125 0.02109375 0.03125
4 0.13515625 0.1828125 0.0203125 0.03203125
4 0.76796875 0.0796875 0.01953125 0.03359375
4 0.36015625 0.15546875 0.01875 0.03046875
4 0.8015625 0.1828125 0.0203125 0.03203125
4 0.790625 0.0328125 0.01953125 0.03203125
4 0.75078125 0.928125 0.021875 0.0375
4 0.753125 0.30703125 0.01953125 0.03046875