1 0.23515625 0.6609375 0.24765625 0.340625
2 0.33046875 0.5203125 0.028125 0.05078125
4 0.69921875 0.13828125 0.02109375 0.034375
4 0.19453125 0.12265625 0.01953125 0.0328125
4 0.57421875 0.91328125 0.021875 0.03515625
4 0.6109375 0.93046875 0.02265625 0.03515625
4 0.72265625 0.1671875 0.0203125 0.03359375
4 0.6671875 0.03125 0.0203125 0.034375
4 0.73984375 0.796875 0.02109375 0.03515625
0 0.1453125 0.2796875 0.0203125 0.0296875
4 0.18671875 0.92265625 0.021875 0.03515625
3 0.1984375 0.68515625 0.0328125 0.05390625
4 0.215625 0.78671875 0.02265625 0.02890625