1 0.79375 0.81796875 0.209375 0.3640625
2 0.70859375 0.67578125 0.0296875 0.05234375
4 0.5859375 0.7984375 0.02109375 0.034375
4 0.2578125 0.61484375 0.02109375 0.0328125
4 0.33359375 0.06484375 0.02109375 0.03359375
4 0.4046875 0.57890625 0.02109375 0.03359375
4 0.34609375 0.89765625 0.02109375 0.03671875
3 0.8203125 0.90703125 0.03359375 0.0609375
4 0.1265625 0.37890625 0.0203125 0.03046875
0 0.14765625 0.76015625 0.02265625 0.0328125
4 0.12734375 0.1953125 0.02109375 0.034375
4 0.17578125 0.73203125 0.02109375 0.034375
4 0.11796875 0.80703125 0.02109375 0.03359375