4 0.38046875 0.90234375 0.01875 0.0390625
4 0.69296875 0.57578125 0.0203125 0.03125
4 0.678125 0.52265625 0.0171875 0.03125
4 0.48828125 0.08125 0.015625 0.0296875
4 0.65703125 0.15078125 0.01875 0.03125
1 0.278125 0.48359375 0.203125 0.1546875
4 0.7671875 0.2421875 0.0203125 0.0296875
0 0.6546875 0.6796875 0.0171875 0.0328125
4 0.53359375 0.30078125 0.01875 0.03125
4 0.634375 0.7125 0.01875 0.03125
4 0.7296875 0.2484375 0.015625 0.03125
4 0.4421875 0.490625 0.0171875 0.028125
4 0.47578125 0.09375 0.0171875 0.028125