3 0.45390625 0.865625 0.0296875 0.04140625
4 0.38828125 0.40625 0.01875 0.02734375
4 0.85703125 0.59609375 0.01796875 0.0265625
4 0.39921875 0.65546875 0.01875 0.0265625
4 0.5578125 0.41015625 0.01640625 0.02890625
4 0.3859375 0.321875 0.01640625 0.025
4 0.26484375 0.6640625 0.01796875 0.02421875
4 0.76171875 0.7609375 0.01953125 0.03046875
4 0.83203125 0.5 0.01953125 0.02890625
4 0.46484375 0.1140625 0.01796875 0.028125
2 0.35 0.84140625 0.02890625 0.03671875
4 0.26015625 0.17109375 0.01796875 0.02890625
0 0.48828125 0.15390625 0.01875 0.0265625
1 0.43359375 0.84453125 0.21015625 0.20625