1 0.6 0.703125 0.221875 0.28515625
4 0.46875 0.625 0.01953125 0.0328125
4 0.64375 0.859375 0.02109375 0.03125
4 0.14140625 0.81875 0.021875 0.03359375
2 0.703125 0.81953125 0.02734375 0.05078125
4 0.309375 0.6484375 0.0203125 0.03359375
4 0.72109375 0.0828125 0.0203125 0.03203125
4 0.11875 0.91953125 0.02265625 0.0359375
4 0.1859375 0.78828125 0.021875 0.034375
4 0.134375 0.1921875 0.0203125 0.034375
4 0.12578125 0.296875 0.02109375 0.0296875
0 0.63671875 0.82265625 0.021875 0.03125
3 0.59921875 0.69765625 0.02890625 0.04765625