4 0.175 0.06953125 0.015625 0.0328125
4 0.2703125 0.12109375 0.0171875 0.0359375
4 0.45078125 0.36640625 0.0203125 0.03125
4 0.16171875 0.91015625 0.0171875 0.0359375
4 0.2421875 0.06796875 0.0203125 0.0296875
4 0.3140625 0.0734375 0.0171875 0.03125
4 0.59609375 0.43828125 0.01875 0.0296875
4 0.5015625 0.36328125 0.01875 0.03125
4 0.21796875 0.771875 0.0203125 0.034375
4 0.17578125 0.85078125 0.01875 0.034375
4 0.55390625 0.540625 0.0203125 0.0296875
1 0.2984375 0.353125 0.1375 0.3515625
0 0.77734375 0.76171875 0.0203125 0.0390625