4 0.70390625 0.84765625 0.01875 0.0296875
4 0.45 0.36640625 0.0203125 0.0328125
4 0.64765625 0.49375 0.015625 0.0296875
4 0.4203125 0.4078125 0.01875 0.03125
4 0.5890625 0.628125 0.015625 0.03125
4 0.50234375 0.36484375 0.0203125 0.034375
4 0.6015625 0.58984375 0.01875 0.028125
4 0.63046875 0.41875 0.0203125 0.0328125
4 0.665625 0.42890625 0.0203125 0.03125
1 0.31640625 0.8671875 0.2421875 0.1921875
4 0.53125 0.58359375 0.01875 0.03125
4 0.63828125 0.1125 0.0171875 0.0296875
0 0.78046875 0.7640625 0.01875 0.03125