1 0.5453125 0.56953125 0.09140625 0.4265625
0 0.303125 0.4890625 0.02109375 0.03203125
4 0.3046875 0.40703125 0.021875 0.03984375
4 0.58125 0.12890625 0.0203125 0.0328125
4 0.759375 0.26953125 0.01953125 0.0296875
4 0.1890625 0.79375 0.021875 0.0359375
4 0.6859375 0.390625 0.0203125 0.03203125
4 0.13359375 0.1921875 0.02109375 0.03359375
4 0.16015625 0.9265625 0.02265625 0.0375
3 0.5421875 0.52109375 0.0296875 0.0453125
4 0.74375 0.08515625 0.01953125 0.03125
4 0.77890625 0.24765625 0.02109375 0.03203125
2 0.53046875 0.75859375 0.028125 0.05