1 0.30234375 0.51796875 0.12578125 0.4296875
2 0.30703125 0.709375 0.02578125 0.0421875
3 0.27734375 0.4703125 0.03125 0.046875
4 0.69453125 0.0390625 0.02109375 0.03359375
4 0.60078125 0.33828125 0.01953125 0.0328125
0 0.63828125 0.440625 0.0203125 0.03046875
4 0.57421875 0.496875 0.01875 0.0328125
4 0.6484375 0.88515625 0.01953125 0.034375
4 0.32109375 0.73984375 0.02421875 0.040625
4 0.809375 0.871875 0.02109375 0.03515625
4 0.78828125 0.525 0.021875 0.03515625
4 0.80390625 0.76328125 0.02109375 0.0359375