4 0.58671875 0.5515625 0.0171875 0.02734375
3 0.753125 0.3375 0.0296875 0.04921875
4 0.4953125 0.6859375 0.01640625 0.03046875
4 0.5546875 0.55546875 0.01484375 0.02890625
4 0.8375 0.89375 0.02265625 0.03359375
4 0.7609375 0.89375 0.0203125 0.03359375
4 0.2609375 0.1015625 0.01875 0.02421875
4 0.56875 0.11484375 0.01796875 0.028125
4 0.72890625 0.65078125 0.01796875 0.02734375
4 0.3390625 0.5390625 0.01640625 0.02890625
0 0.553125 0.50703125 0.015625 0.0265625
4 0.5765625 0.40390625 0.01953125 0.025
2 0.75078125 0.5625 0.02578125 0.040625
1 0.734375 0.38359375 0.10859375 0.4015625