1 0.71171875 0.44296875 0.23203125 0.18359375
4 0.4046875 0.57890625 0.0203125 0.03359375
4 0.33359375 0.06484375 0.02109375 0.03359375
4 0.49921875 0.1140625 0.0203125 0.03359375
4 0.5859375 0.7984375 0.0203125 0.034375
4 0.2578125 0.61484375 0.02109375 0.0328125
4 0.5171875 0.3046875 0.01953125 0.03046875
4 0.665625 0.08125 0.0203125 0.03515625
4 0.16171875 0.85078125 0.021875 0.03359375
4 0.12734375 0.1953125 0.02109375 0.034375
0 0.15 0.89921875 0.02265625 0.034375
2 0.81875 0.48671875 0.025 0.04765625
3 0.70625 0.4390625 0.025 0.04609375