2 0.621875 0.4453125 0.0265625 0.05078125
1 0.71015625 0.28359375 0.22890625 0.3984375
4 0.409375 0.93828125 0.021875 0.0359375
4 0.6078125 0.24921875 0.0203125 0.0328125
4 0.384375 0.1078125 0.02109375 0.03359375
4 0.66484375 0.85078125 0.02109375 0.0359375
3 0.73359375 0.24765625 0.03125 0.05625
4 0.3765625 0.3234375 0.0203125 0.0328125
4 0.1234375 0.72265625 0.02109375 0.03515625
4 0.21484375 0.30234375 0.02109375 0.0328125
4 0.12578125 0.7546875 0.0203125 0.03046875
4 0.1359375 0.94140625 0.02109375 0.03203125
0 0.76484375 0.36484375 0.021875 0.03984375