1 0.30234375 0.5171875 0.12578125 0.428125
2 0.30703125 0.709375 0.02578125 0.04140625
3 0.27734375 0.4703125 0.03125 0.04765625
4 0.69765625 0.0375 0.02109375 0.03359375
4 0.6015625 0.34140625 0.01953125 0.0328125
0 0.6375 0.440625 0.0203125 0.03046875
4 0.5734375 0.49765625 0.01953125 0.0328125
4 0.6484375 0.884375 0.01953125 0.034375
4 0.32109375 0.740625 0.02421875 0.03984375
4 0.81015625 0.86953125 0.02109375 0.03515625
4 0.7921875 0.52421875 0.02265625 0.0375
4 0.80390625 0.7625 0.02265625 0.0359375