2 0.353125 0.2984375 0.02578125 0.05078125
1 0.4046875 0.16171875 0.1375 0.3234375
4 0.51484375 0.33828125 0.01953125 0.0328125
3 0.40625 0.05703125 0.02734375 0.053125
4 0.32265625 0.7421875 0.02109375 0.03359375
4 0.5625 0.5140625 0.01875 0.03203125
4 0.390625 0.659375 0.01953125 0.03203125
0 0.640625 0.43984375 0.01953125 0.0296875
4 0.1515625 0.51640625 0.02109375 0.0296875
4 0.4 0.51875 0.01953125 0.0328125
4 0.65078125 0.88671875 0.01953125 0.034375
4 0.80625 0.89296875 0.02109375 0.034375