1 0.2765625 0.47421875 0.27109375 0.2734375
0 0.7671875 0.3671875 0.02265625 0.03203125
2 0.38515625 0.36640625 0.02890625 0.04765625
4 0.409375 0.93828125 0.021875 0.0359375
4 0.12421875 0.5265625 0.0203125 0.03203125
4 0.12734375 0.1875 0.0203125 0.034375
4 0.8125 0.92734375 0.01953125 0.034375
4 0.384375 0.1078125 0.0203125 0.03359375
4 0.69375 0.871875 0.021875 0.03671875
3 0.24609375 0.475 0.03515625 0.0578125
4 0.2640625 0.13671875 0.02109375 0.03203125
4 0.7640625 0.15 0.0203125 0.03203125
4 0.78515625 0.94296875 0.02109375 0.0328125