4 0.85625 0.6 0.01796875 0.03359375
4 0.8546875 0.87890625 0.01875 0.03359375
4 0.86484375 0.91015625 0.01875 0.03203125
4 0.55234375 0.53984375 0.01875 0.02265625
4 0.83203125 0.49765625 0.0171875 0.028125
1 0.69140625 0.30703125 0.20234375 0.31953125
0 0.57578125 0.47421875 0.015625 0.03125
2 0.60234375 0.4421875 0.025 0.0328125
4 0.5734375 0.42890625 0.01640625 0.02421875
4 0.54765625 0.490625 0.015625 0.02734375
4 0.8296875 0.81328125 0.01953125 0.03359375
3 0.71328125 0.2921875 0.02578125 0.0515625
4 0.8328125 0.84453125 0.01875 0.03203125
4 0.61484375 0.46875 0.01796875 0.03046875