1 0.68359375 0.36796875 0.2421875 0.21328125
2 0.7796875 0.428125 0.025 0.0515625
4 0.41796875 0.58671875 0.01875 0.0328125
0 0.64765625 0.56953125 0.02265625 0.03046875
3 0.6671875 0.3515625 0.0296875 0.05546875
4 0.3453125 0.85703125 0.02109375 0.03515625
4 0.5921875 0.06328125 0.0203125 0.03515625
4 0.33125 0.93125 0.021875 0.03671875
4 0.23203125 0.671875 0.0203125 0.0328125
4 0.79140625 0.0328125 0.0203125 0.0328125
4 0.13515625 0.18359375 0.02109375 0.03203125
4 0.30703125 0.08984375 0.01953125 0.03125
4 0.2921875 0.090625 0.01875 0.03359375