1 0.23359375 0.79921875 0.184375 0.4015625
2 0.2859375 0.6296875 0.03125 0.0515625
0 0.7671875 0.3671875 0.02265625 0.0328125
4 0.409375 0.93828125 0.02109375 0.03515625
4 0.8125 0.9265625 0.01953125 0.034375
4 0.384375 0.1078125 0.02109375 0.03359375
3 0.203125 0.88046875 0.034375 0.0546875
4 0.69375 0.871875 0.021875 0.03671875
4 0.12734375 0.1875 0.02109375 0.03359375
4 0.2640625 0.13671875 0.02109375 0.0328125
4 0.7640625 0.15 0.0203125 0.03203125
4 0.12421875 0.5265625 0.0203125 0.03125
4 0.78515625 0.94296875 0.02109375 0.03359375