4 0.5484375 0.446875 0.01484375 0.025
4 0.325 0.6234375 0.01875 0.03046875
3 0.31328125 0.30703125 0.02890625 0.05
1 0.33984375 0.3203125 0.22734375 0.2125
4 0.4328125 0.20546875 0.01953125 0.03125
4 0.81015625 0.87734375 0.01953125 0.03046875
4 0.7015625 0.09296875 0.01953125 0.028125
4 0.56484375 0.8484375 0.01875 0.034375
4 0.80078125 0.309375 0.01953125 0.03046875
4 0.4453125 0.85 0.02109375 0.0359375
4 0.78515625 0.18828125 0.01796875 0.0296875
2 0.44453125 0.4015625 0.02421875 0.0421875
4 0.225 0.8765625 0.02265625 0.0296875
0 0.50234375 0.4640625 0.01640625 0.03046875