4 0.7421875 0.09453125 0.0203125 0.0234375
4 0.72109375 0.1359375 0.0171875 0.028125
4 0.465625 0.11953125 0.01640625 0.0328125
4 0.86796875 0.89765625 0.01875 0.03671875
4 0.81875 0.8421875 0.021875 0.0328125
4 0.7296875 0.26484375 0.01953125 0.0296875
4 0.290625 0.7375 0.0203125 0.02734375
2 0.26328125 0.13359375 0.0234375 0.03515625
4 0.58203125 0.184375 0.01953125 0.03125
4 0.73828125 0.29921875 0.0171875 0.028125
1 0.3078125 0.26875 0.09140625 0.28828125
0 0.25625 0.10546875 0.0171875 0.0296875
3 0.28984375 0.27578125 0.02109375 0.0375