3 0.509375 0.77578125 0.0296875 0.05390625
4 0.32265625 0.4140625 0.01796875 0.02734375
4 0.48984375 0.42890625 0.02109375 0.0296875
4 0.753125 0.09296875 0.0203125 0.03203125
0 0.18125 0.2359375 0.01953125 0.03359375
2 0.6265625 0.7921875 0.0265625 0.0484375
4 0.259375 0.82265625 0.02109375 0.0265625
4 0.75078125 0.24140625 0.0203125 0.02890625
4 0.18984375 0.55078125 0.02109375 0.0296875
4 0.7953125 0.1859375 0.01875 0.0265625
1 0.52734375 0.74765625 0.21875 0.16953125
4 0.2921875 0.8515625 0.01796875 0.03515625
4 0.72578125 0.75234375 0.01953125 0.03046875
4 0.309375 0.85234375 0.02109375 0.0296875