3 0.50859375 0.7625 0.02890625 0.0609375
4 0.471875 0.18359375 0.01875 0.03359375
4 0.803125 0.1453125 0.01875 0.03359375
4 0.8125 0.10625 0.01953125 0.02890625
4 0.428125 0.06953125 0.02265625 0.0328125
2 0.3859375 0.76171875 0.0234375 0.0375
0 0.3734375 0.11796875 0.02265625 0.0296875
4 0.65078125 0.3265625 0.0203125 0.02734375
4 0.22578125 0.0734375 0.02109375 0.034375
4 0.1890625 0.15234375 0.02265625 0.03046875
4 0.8328125 0.753125 0.01796875 0.0296875
4 0.809375 0.56328125 0.01796875 0.0296875
4 0.78046875 0.86875 0.02109375 0.03671875
1 0.4859375 0.73671875 0.22578125 0.17265625