1 0.24453125 0.8125 0.1921875 0.259375
4 0.70390625 0.84765625 0.01875 0.0296875
4 0.42265625 0.41015625 0.0171875 0.0328125
4 0.45 0.36640625 0.01875 0.0328125
4 0.64609375 0.49375 0.015625 0.03125
4 0.5890625 0.62734375 0.015625 0.0296875
4 0.6640625 0.4609375 0.0171875 0.0296875
4 0.58671875 0.459375 0.0171875 0.03125
4 0.50234375 0.3625 0.01875 0.03125
4 0.6015625 0.590625 0.01875 0.028125
4 0.53125 0.58359375 0.01875 0.03125
4 0.63828125 0.1125 0.01875 0.0296875
0 0.78046875 0.76328125 0.0203125 0.0296875