1 0.64609375 0.87578125 0.228125 0.1828125
4 0.50078125 0.91171875 0.015625 0.034375
4 0.80625 0.14765625 0.0171875 0.0296875
4 0.809375 0.38828125 0.01875 0.0328125
4 0.4953125 0.1140625 0.0171875 0.0328125
4 0.71328125 0.4421875 0.0203125 0.0328125
4 0.80859375 0.80859375 0.015625 0.03125
4 0.78828125 0.76015625 0.0203125 0.0296875
4 0.5265625 0.61640625 0.0171875 0.028125
4 0.80546875 0.25703125 0.0203125 0.03125
0 0.18984375 0.92421875 0.0234375 0.034375
4 0.790625 0.17578125 0.01875 0.03125
4 0.653125 0.1453125 0.0171875 0.0296875