1 0.7140625 0.75390625 0.234375 0.20546875
2 0.815625 0.709375 0.0234375 0.0484375
0 0.13984375 0.68828125 0.0234375 0.034375
3 0.703125 0.75859375 0.03046875 0.0546875
4 0.6484375 0.0875 0.02109375 0.03515625
4 0.37734375 0.8875 0.0203125 0.03515625
4 0.59296875 0.0625 0.0203125 0.03515625
4 0.7875 0.21875 0.02109375 0.03359375
4 0.79140625 0.0328125 0.01953125 0.03359375
4 0.33203125 0.93203125 0.02265625 0.03671875
4 0.78046875 0.128125 0.0203125 0.034375
4 0.43125 0.596875 0.01875 0.03125
4 0.52890625 0.38203125 0.01953125 0.03203125