4 0.83828125 0.8953125 0.02265625 0.03671875
3 0.5171875 0.703125 0.025 0.04296875
4 0.4484375 0.8453125 0.01796875 0.02734375
4 0.6625 0.421875 0.01640625 0.025
4 0.74921875 0.5875 0.01640625 0.02734375
4 0.865625 0.26484375 0.02109375 0.03046875
4 0.81875 0.8640625 0.01875 0.03125
0 0.28515625 0.1484375 0.02109375 0.03125
2 0.628125 0.7859375 0.021875 0.03515625
1 0.5375 0.696875 0.2109375 0.21328125
4 0.82734375 0.83203125 0.01953125 0.0296875
4 0.8453125 0.40546875 0.01953125 0.03125
4 0.80859375 0.8375 0.01796875 0.028125