4 0.5515625 0.44375 0.0171875 0.0296875
4 0.7578125 0.2578125 0.01796875 0.02890625
1 0.37265625 0.50390625 0.228125 0.16640625
4 0.8140625 0.134375 0.01796875 0.03125
4 0.81484375 0.065625 0.01875 0.03203125
4 0.5296875 0.48359375 0.01796875 0.028125
4 0.52734375 0.40078125 0.01875 0.02890625
4 0.6828125 0.43984375 0.0203125 0.03203125
2 0.48359375 0.45390625 0.02421875 0.04375
4 0.19140625 0.12890625 0.01875 0.0359375
0 0.30859375 0.08359375 0.0234375 0.0328125
4 0.5078125 0.4453125 0.01484375 0.028125
4 0.74921875 0.30234375 0.0171875 0.02578125
3 0.353125 0.5046875 0.02578125 0.0484375