4 0.74140625 0.06796875 0.021875 0.03203125
1 0.41640625 0.33984375 0.22578125 0.18203125
4 0.6234375 0.13359375 0.01796875 0.03203125
4 0.8171875 0.1875 0.0171875 0.03828125
4 0.5265625 0.4875 0.0171875 0.03046875
4 0.82109375 0.25546875 0.01953125 0.03359375
4 0.4515625 0.846875 0.0203125 0.0375
4 0.6921875 0.6078125 0.0203125 0.0328125
4 0.56484375 0.85390625 0.0203125 0.0328125
4 0.22421875 0.8765625 0.02421875 0.0328125
3 0.4015625 0.32890625 0.0390625 0.059375
0 0.52890625 0.41328125 0.015625 0.02734375
2 0.5234375 0.2875 0.02578125 0.04375