4 0.5875 0.55234375 0.0171875 0.0265625
1 0.7359375 0.44375 0.22890625 0.22578125
3 0.7640625 0.44375 0.0296875 0.03828125
4 0.5546875 0.55546875 0.0140625 0.02734375
4 0.58671875 0.759375 0.01796875 0.03046875
4 0.8375 0.89296875 0.02109375 0.03515625
4 0.2609375 0.09921875 0.01875 0.025
4 0.26953125 0.2203125 0.01796875 0.02890625
4 0.6515625 0.1296875 0.01953125 0.0265625
4 0.70390625 0.64375 0.01875 0.02578125
4 0.78828125 0.67890625 0.0203125 0.02890625
0 0.55390625 0.50859375 0.015625 0.0265625
4 0.6328125 0.34765625 0.01640625 0.028125
2 0.6390625 0.53671875 0.02578125 0.03671875