3 0.50859375 0.69296875 0.02421875 0.04296875
4 0.65078125 0.32109375 0.01640625 0.02578125
4 0.71015625 0.20078125 0.015625 0.025
4 0.78203125 0.871875 0.02109375 0.0328125
0 0.3734375 0.11796875 0.0234375 0.03046875
4 0.6015625 0.3484375 0.01875 0.0296875
4 0.1921875 0.15390625 0.0234375 0.03125
4 0.22578125 0.07421875 0.02109375 0.034375
1 0.515625 0.7015625 0.1765625 0.28359375
4 0.4265625 0.6 0.01875 0.0265625
4 0.40859375 0.7953125 0.021875 0.0359375
4 0.834375 0.75390625 0.0171875 0.0296875
4 0.70078125 0.22421875 0.01875 0.0265625
2 0.5953125 0.8234375 0.025 0.04296875