1 0.6203125 0.2609375 0.203125 0.190625
4 0.32734375 0.15625 0.0203125 0.0328125
4 0.38046875 0.90234375 0.0203125 0.0375
4 0.1703125 0.859375 0.0171875 0.034375
4 0.4765625 0.09921875 0.0171875 0.0296875
4 0.16953125 0.903125 0.0203125 0.0296875
4 0.68515625 0.553125 0.01875 0.03125
4 0.5359375 0.08828125 0.0203125 0.0296875
4 0.30625 0.12265625 0.0140625 0.0328125
0 0.6390625 0.7015625 0.01875 0.0328125
4 0.42578125 0.1265625 0.0171875 0.03125
4 0.4421875 0.490625 0.0171875 0.03125
4 0.29140625 0.125 0.0171875 0.0375