1 0.39765625 0.2328125 0.16015625 0.3828125
4 0.41796875 0.58671875 0.01875 0.0328125
4 0.5921875 0.06328125 0.01953125 0.034375
2 0.4515625 0.06640625 0.02734375 0.0421875
3 0.3921875 0.2453125 0.02890625 0.04921875
0 0.65078125 0.56953125 0.02109375 0.03125
4 0.13515625 0.1828125 0.0203125 0.03203125
4 0.36015625 0.15546875 0.01875 0.03046875
4 0.753125 0.93203125 0.021875 0.0375
4 0.7546875 0.309375 0.01953125 0.03046875
4 0.79140625 0.0328125 0.01875 0.03203125
4 0.7671875 0.0328125 0.0171875 0.0296875
4 0.7515625 0.05078125 0.01796875 0.03671875