4 0.22421875 0.6359375 0.021875 0.0328125
4 0.2578125 0.809375 0.01953125 0.03359375
1 0.28984375 0.63984375 0.190625 0.31171875
4 0.62890625 0.33203125 0.01796875 0.03046875
4 0.82421875 0.24921875 0.01875 0.03125
3 0.29609375 0.65703125 0.03046875 0.05859375
4 0.34453125 0.3703125 0.0203125 0.03125
4 0.28828125 0.85390625 0.0203125 0.03125
2 0.21015625 0.521875 0.025 0.04453125
4 0.7140625 0.2765625 0.0203125 0.0296875
0 0.18984375 0.22265625 0.01875 0.0328125
4 0.75234375 0.08984375 0.01953125 0.02734375
4 0.3046875 0.86796875 0.01953125 0.03359375