2 0.621875 0.44609375 0.0265625 0.05
1 0.70703125 0.290625 0.234375 0.39296875
4 0.409375 0.93828125 0.021875 0.0359375
4 0.6078125 0.24921875 0.0203125 0.0328125
4 0.384375 0.1078125 0.02109375 0.03359375
4 0.66484375 0.85 0.02109375 0.03515625
4 0.2109375 0.28828125 0.02109375 0.03203125
3 0.734375 0.24921875 0.0328125 0.0546875
4 0.37578125 0.33203125 0.02109375 0.03359375
4 0.1234375 0.72265625 0.02109375 0.03515625
4 0.12578125 0.7546875 0.0203125 0.03046875
4 0.1359375 0.94140625 0.02109375 0.0328125
0 0.76484375 0.36484375 0.021875 0.03671875