1 0.74609375 0.26328125 0.109375 0.2625
4 0.596875 0.89609375 0.015625 0.034375
4 0.80625 0.14765625 0.0171875 0.025
4 0.74140625 0.8921875 0.015625 0.0265625
4 0.1984375 0.33203125 0.0203125 0.0328125
4 0.3546875 0.78359375 0.01875 0.034375
4 0.49609375 0.17421875 0.0171875 0.0328125
4 0.50625 0.11328125 0.0171875 0.0296875
0 0.64375 0.72265625 0.0203125 0.03125
4 0.5078125 0.49375 0.0140625 0.0296875
4 0.55703125 0.91484375 0.01875 0.0328125
4 0.1890625 0.35390625 0.0171875 0.03125
4 0.23125 0.7546875 0.01875 0.03125