2 0.33515625 0.45703125 0.02734375 0.03671875
3 0.31328125 0.69296875 0.03828125 0.04921875
4 0.80546875 0.6 0.01953125 0.02734375
4 0.80625 0.559375 0.01875 0.02578125
4 0.528125 0.76171875 0.0171875 0.028125
4 0.5265625 0.79296875 0.0171875 0.02734375
4 0.6921875 0.4484375 0.01640625 0.0265625
4 0.79140625 0.07578125 0.01953125 0.0296875
4 0.81953125 0.1828125 0.01875 0.0328125
4 0.6671875 0.3578125 0.0203125 0.03125
4 0.78359375 0.840625 0.01875 0.03046875
0 0.81953125 0.54453125 0.0171875 0.02890625
4 0.77890625 0.86875 0.01953125 0.034375
1 0.3265625 0.6453125 0.11328125 0.43671875