4 0.6484375 0.31953125 0.0171875 0.0265625
4 0.73359375 0.27265625 0.01953125 0.02734375
1 0.34140625 0.19921875 0.20625 0.1859375
4 0.2265625 0.0703125 0.0203125 0.03359375
4 0.18671875 0.79140625 0.021875 0.03046875
4 0.6234375 0.3546875 0.01796875 0.0265625
4 0.47734375 0.2609375 0.0203125 0.03046875
4 0.40546875 0.79375 0.02109375 0.0359375
4 0.18046875 0.82421875 0.01953125 0.02890625
0 0.196875 0.9109375 0.01953125 0.034375
2 0.2484375 0.16953125 0.0234375 0.03671875
4 0.8328125 0.75546875 0.0203125 0.0328125
3 0.36015625 0.165625 0.03046875 0.046875
4 0.17890625 0.9140625 0.01796875 0.03203125