4 0.85625 0.59921875 0.01796875 0.0328125
4 0.8546875 0.87890625 0.01796875 0.0328125
4 0.55234375 0.5390625 0.01796875 0.021875
4 0.86484375 0.91015625 0.01875 0.0328125
1 0.690625 0.3125 0.19296875 0.2859375
4 0.83203125 0.49765625 0.0171875 0.02890625
0 0.57734375 0.47421875 0.01796875 0.03046875
4 0.5734375 0.42890625 0.01640625 0.02421875
4 0.54765625 0.490625 0.015625 0.02734375
2 0.6046875 0.4390625 0.02578125 0.04453125
4 0.8296875 0.81328125 0.01953125 0.03359375
3 0.71015625 0.28828125 0.03046875 0.05625
4 0.8328125 0.84453125 0.01875 0.03125
4 0.6140625 0.46875 0.0171875 0.02890625