2 0.53515625 0.20390625 0.0296875 0.053125
1 0.4203125 0.16640625 0.2625 0.2234375
3 0.39375 0.14609375 0.028125 0.05390625
4 0.5890625 0.871875 0.0203125 0.0359375
4 0.3171875 0.7390625 0.01953125 0.03203125
4 0.390625 0.659375 0.01953125 0.03203125
4 0.1515625 0.515625 0.02109375 0.03046875
4 0.39921875 0.51796875 0.0203125 0.03359375
4 0.4171875 0.8984375 0.0203125 0.03671875
4 0.36015625 0.9125 0.01953125 0.034375
4 0.38671875 0.92265625 0.021875 0.0328125
0 0.4234375 0.9296875 0.0203125 0.0328125