4 0.70390625 0.84765625 0.01875 0.0296875
4 0.44921875 0.3671875 0.0203125 0.0328125
4 0.16171875 0.9109375 0.0171875 0.0375
4 0.6015625 0.590625 0.0203125 0.0296875
4 0.50234375 0.3625 0.0203125 0.03125
4 0.21796875 0.771875 0.0203125 0.034375
4 0.65078125 0.48125 0.01875 0.0328125
4 0.5890625 0.628125 0.015625 0.0296875
4 0.53125 0.58359375 0.01875 0.0296875
4 0.1765625 0.8515625 0.01875 0.0328125
4 0.63828125 0.11171875 0.0171875 0.0296875
1 0.6984375 0.28125 0.1234375 0.3046875
0 0.78046875 0.7640625 0.0203125 0.03125