4 0.421875 0.06796875 0.01875 0.0328125
4 0.46640625 0.18828125 0.0203125 0.03203125
1 0.7515625 0.71171875 0.1609375 0.25234375
0 0.3734375 0.11796875 0.02265625 0.03046875
4 0.3453125 0.803125 0.021875 0.034375
4 0.834375 0.7546875 0.01875 0.0265625
4 0.1890625 0.15390625 0.01875 0.03515625
4 0.225 0.07421875 0.02109375 0.034375
4 0.7828125 0.86953125 0.02109375 0.034375
4 0.403125 0.47734375 0.021875 0.03203125
4 0.26875 0.51484375 0.021875 0.03125
4 0.8109375 0.56328125 0.01484375 0.021875
3 0.75078125 0.7125 0.01796875 0.04453125
2 0.821875 0.81796875 0.0203125 0.04296875