4 0.64453125 0.2796875 0.0171875 0.028125
0 0.3734375 0.11875 0.0234375 0.03046875
4 0.80390625 0.13125 0.02109375 0.03359375
4 0.7140625 0.19453125 0.01875 0.03203125
2 0.54765625 0.50859375 0.021875 0.0390625
4 0.834375 0.7546875 0.01875 0.03046875
4 0.740625 0.16796875 0.01640625 0.02578125
4 0.8140625 0.15390625 0.01875 0.02890625
4 0.22578125 0.07421875 0.02109375 0.03359375
4 0.1921875 0.1546875 0.0234375 0.03125
1 0.48828125 0.67265625 0.14921875 0.38359375
4 0.65078125 0.32578125 0.01953125 0.02421875
3 0.48828125 0.71015625 0.02421875 0.0609375
4 0.78359375 0.86875 0.02109375 0.03671875