1 0.75390625 0.39453125 0.19453125 0.23125
4 0.58671875 0.5515625 0.01640625 0.0265625
4 0.5546875 0.55625 0.0140625 0.028125
4 0.33046875 0.51328125 0.01640625 0.0296875
4 0.7609375 0.89375 0.0203125 0.03359375
4 0.83828125 0.89296875 0.02265625 0.0359375
4 0.5671875 0.1171875 0.01796875 0.03359375
4 0.26171875 0.09765625 0.01953125 0.02421875
4 0.5765625 0.40390625 0.01953125 0.025
2 0.83359375 0.478125 0.02421875 0.04609375
0 0.55234375 0.5046875 0.015625 0.02734375
4 0.784375 0.64296875 0.01796875 0.03046875
4 0.2421875 0.85625 0.01875 0.0328125
3 0.74375 0.3703125 0.025 0.04609375