4 0.2546875 0.1375 0.01796875 0.028125
4 0.37734375 0.42890625 0.01796875 0.0234375
4 0.4625 0.18359375 0.01875 0.028125
4 0.6421875 0.7515625 0.01953125 0.0328125
2 0.74921875 0.42109375 0.0234375 0.0375
4 0.83203125 0.8109375 0.0203125 0.03125
4 0.26640625 0.30859375 0.01640625 0.025
4 0.63125 0.26640625 0.01875 0.03125
4 0.69375 0.79453125 0.0203125 0.0296875
3 0.77578125 0.63359375 0.034375 0.04765625
4 0.265625 0.1140625 0.015625 0.0296875
0 0.25625 0.265625 0.01796875 0.03046875
1 0.7625 0.590625 0.12421875 0.40390625
4 0.28125 0.121875 0.015625 0.03046875