3 0.22578125 0.56796875 0.028125 0.0546875
2 0.30390625 0.3609375 0.028125 0.0375
4 0.71875 0.42421875 0.01953125 0.0296875
4 0.7328125 0.7125 0.02109375 0.034375
1 0.23984375 0.5328125 0.1765625 0.3984375
4 0.78984375 0.40546875 0.0203125 0.0296875
4 0.81171875 0.27734375 0.02109375 0.0296875
4 0.54453125 0.8703125 0.0203125 0.0359375
4 0.79296875 0.2609375 0.01796875 0.0296875
0 0.45234375 0.41875 0.01953125 0.03125
4 0.634375 0.38125 0.01875 0.03125
4 0.70078125 0.36328125 0.01875 0.02578125
4 0.5375 0.375 0.01796875 0.02421875
4 0.81484375 0.8765625 0.0203125 0.0296875