3 0.4515625 0.803125 0.034375 0.07109375
4 0.58515625 0.59140625 0.01875 0.03203125
4 0.6359375 0.08671875 0.01953125 0.03046875
4 0.5390625 0.665625 0.0203125 0.03125
4 0.67109375 0.2859375 0.01875 0.0296875
4 0.4109375 0.6375 0.02109375 0.0328125
4 0.23828125 0.31875 0.02109375 0.0296875
1 0.43359375 0.79375 0.234375 0.1734375
0 0.703125 0.24921875 0.01875 0.0328125
4 0.3265625 0.06953125 0.02109375 0.03359375
2 0.328125 0.796875 0.02734375 0.0453125
4 0.1953125 0.05859375 0.02109375 0.03046875
4 0.70625 0.84375 0.01953125 0.03515625
4 0.76875 0.62265625 0.01875 0.028125