1 0.4578125 0.79453125 0.24140625 0.234375
4 0.425 0.865625 0.01953125 0.0296875
4 0.409375 0.93828125 0.021875 0.034375
2 0.35078125 0.73828125 0.025 0.04921875
4 0.42109375 0.3890625 0.0203125 0.0328125
4 0.37265625 0.32421875 0.0203125 0.0328125
4 0.6296875 0.1859375 0.0203125 0.03359375
3 0.4703125 0.8078125 0.03125 0.0546875
4 0.384375 0.1078125 0.02109375 0.03359375
0 0.44140625 0.58359375 0.021875 0.0328125
4 0.775 0.675 0.02109375 0.0328125
4 0.46328125 0.65390625 0.0203125 0.03046875
4 0.1359375 0.94140625 0.0203125 0.03203125