1 0.21953125 0.31640625 0.1296875 0.396875
2 0.18203125 0.1546875 0.0234375 0.04140625
3 0.18046875 0.34375 0.02890625 0.0484375
4 0.62734375 0.91484375 0.02109375 0.03515625
4 0.70390625 0.17890625 0.01953125 0.03359375
0 0.6875 0.3328125 0.02109375 0.0328125
4 0.18984375 0.8625 0.0203125 0.03359375
4 0.3375 0.309375 0.0203125 0.03125
4 0.8046875 0.76484375 0.02265625 0.03359375
4 0.6734375 0.03203125 0.0203125 0.0328125
4 0.21328125 0.784375 0.021875 0.03359375
4 0.19453125 0.13046875 0.01875 0.02890625
4 0.79375 0.52421875 0.021875 0.03125