1 0.6828125 0.1640625 0.22265625 0.22578125
2 0.7734375 0.07109375 0.02734375 0.0453125
4 0.49921875 0.1140625 0.01953125 0.03359375
4 0.33359375 0.06484375 0.02109375 0.03359375
4 0.5171875 0.3046875 0.0203125 0.03125
4 0.4046875 0.57890625 0.0203125 0.03359375
3 0.6734375 0.13125 0.02890625 0.04921875
4 0.2359375 0.671875 0.021875 0.034375
4 0.58515625 0.8015625 0.02109375 0.034375
4 0.66484375 0.078125 0.01875 0.0296875
4 0.175 0.846875 0.02265625 0.034375
0 0.15 0.8984375 0.021875 0.034375
4 0.1265625 0.19609375 0.02109375 0.034375