1 0.60234375 0.68125 0.23359375 0.28515625
4 0.14296875 0.81875 0.0203125 0.03203125
4 0.221875 0.790625 0.0203125 0.0328125
0 0.26640625 0.20234375 0.021875 0.03359375
4 0.11796875 0.9140625 0.02109375 0.034375
4 0.18671875 0.7890625 0.02109375 0.034375
4 0.72109375 0.08515625 0.0203125 0.03203125
4 0.2484375 0.6203125 0.021875 0.03359375
4 0.134375 0.1921875 0.02109375 0.034375
3 0.6 0.67734375 0.028125 0.053125
2 0.70703125 0.56640625 0.02578125 0.04765625
4 0.12578125 0.29609375 0.0234375 0.03515625