1 0.50390625 0.3953125 0.18203125 0.39921875
3 0.49921875 0.36484375 0.028125 0.05078125
4 0.6953125 0.41875 0.0203125 0.03046875
4 0.30546875 0.4078125 0.0203125 0.03203125
4 0.1890625 0.79375 0.021875 0.03671875
4 0.13359375 0.19296875 0.02109375 0.0328125
4 0.5734375 0.83046875 0.02109375 0.034375
4 0.68046875 0.059375 0.01953125 0.03046875
4 0.1609375 0.93046875 0.0234375 0.03671875
4 0.6875 0.08515625 0.01875 0.0296875
2 0.58125 0.5640625 0.02734375 0.0453125
4 0.7 0.17734375 0.01875 0.03203125
0 0.61875 0.93515625 0.02109375 0.034375