4 0.19453125 0.08671875 0.01640625 0.02890625
1 0.371875 0.871875 0.24765625 0.2234375
4 0.24453125 0.06171875 0.01953125 0.03515625
4 0.7921875 0.290625 0.01796875 0.03203125
4 0.54375 0.8703125 0.02109375 0.03671875
4 0.8140625 0.8765625 0.01953125 0.03359375
4 0.71953125 0.22578125 0.0171875 0.02890625
0 0.45234375 0.41953125 0.01953125 0.03203125
4 0.5375 0.37421875 0.01875 0.02578125
4 0.68359375 0.41953125 0.01953125 0.03203125
4 0.6984375 0.0890625 0.0171875 0.03125
3 0.3484375 0.89140625 0.03046875 0.04453125
4 0.2046875 0.14140625 0.0203125 0.03515625
2 0.48203125 0.8515625 0.03203125 0.05234375