1 0.265625 0.4609375 0.184375 0.34765625
2 0.18984375 0.6015625 0.025 0.046875
4 0.60625 0.57890625 0.0203125 0.03359375
4 0.8171875 0.4921875 0.02109375 0.03125
4 0.41796875 0.58671875 0.01875 0.03203125
3 0.26640625 0.44765625 0.028125 0.053125
4 0.5921875 0.0625 0.0203125 0.03515625
4 0.13515625 0.18359375 0.02109375 0.03203125
4 0.8140625 0.21015625 0.02109375 0.034375
4 0.79140625 0.0328125 0.0203125 0.0328125
4 0.36015625 0.15625 0.01875 0.0328125
4 0.76484375 0.94140625 0.021875 0.03515625
0 0.65 0.5703125 0.02109375 0.03125