1 0.59765625 0.63203125 0.1078125 0.41875
4 0.78125 0.11796875 0.02109375 0.03359375
4 0.75390625 0.93203125 0.02109375 0.03671875
4 0.40859375 0.578125 0.01875 0.03046875
4 0.14765625 0.8734375 0.02109375 0.03359375
4 0.13515625 0.1828125 0.0203125 0.03203125
4 0.4375 0.56875 0.01796875 0.03046875
3 0.603125 0.58203125 0.03046875 0.04609375
2 0.58125 0.815625 0.02734375 0.046875
4 0.52265625 0.35234375 0.01875 0.03046875
4 0.759375 0.034375 0.0203125 0.0359375
4 0.78046875 0.0390625 0.01953125 0.0359375
0 0.653125 0.63515625 0.01796875 0.03359375