4 0.4671875 0.11640625 0.0171875 0.0265625
4 0.73828125 0.30390625 0.0203125 0.0296875
4 0.86875 0.89765625 0.01875 0.03671875
4 0.81875 0.8421875 0.021875 0.0328125
4 0.28828125 0.73671875 0.0171875 0.0265625
4 0.61171875 0.21640625 0.01796875 0.02734375
2 0.26328125 0.1375 0.0234375 0.03125
1 0.30703125 0.26640625 0.1125 0.3125
4 0.7109375 0.2875 0.0171875 0.0265625
4 0.721875 0.10390625 0.01796875 0.028125
4 0.7390625 0.09453125 0.01953125 0.03203125
0 0.2546875 0.1046875 0.0171875 0.0296875
3 0.28984375 0.27421875 0.028125 0.04453125