1 0.6828125 0.165625 0.2234375 0.2265625
2 0.7734375 0.07109375 0.0265625 0.0453125
4 0.49921875 0.1140625 0.01953125 0.03359375
4 0.33359375 0.06484375 0.02109375 0.03359375
4 0.5171875 0.30390625 0.0203125 0.03203125
4 0.25703125 0.61328125 0.021875 0.03359375
4 0.4046875 0.57890625 0.02109375 0.03359375
3 0.6734375 0.1328125 0.0265625 0.04921875
4 0.15703125 0.84921875 0.02109375 0.0328125
4 0.58515625 0.8015625 0.02109375 0.034375
4 0.66484375 0.07890625 0.01875 0.0296875
0 0.1515625 0.89921875 0.0234375 0.034375
4 0.1265625 0.1953125 0.021875 0.034375