4 0.37734375 0.428125 0.0171875 0.0234375
4 0.3 0.50625 0.0171875 0.0265625
4 0.40546875 0.8734375 0.01875 0.03203125
4 0.69375 0.79375 0.01953125 0.03359375
4 0.27578125 0.10234375 0.01875 0.025
4 0.47890625 0.878125 0.02109375 0.03671875
4 0.3265625 0.2421875 0.0203125 0.0265625
4 0.265625 0.31015625 0.01796875 0.0265625
4 0.63125 0.26640625 0.01875 0.03203125
4 0.259375 0.13203125 0.01875 0.02890625
3 0.7875 0.83125 0.02890625 0.05234375
0 0.25546875 0.26640625 0.01875 0.02890625
1 0.7890625 0.83125 0.1734375 0.2546875