4 0.809375 0.5578125 0.02109375 0.0296875
4 0.52890625 0.7921875 0.01796875 0.028125
4 0.528125 0.76171875 0.01796875 0.02890625
1 0.296875 0.7625 0.18125 0.21640625
4 0.378125 0.17421875 0.021875 0.03359375
3 0.30390625 0.76328125 0.0234375 0.04375
4 0.34296875 0.0765625 0.021875 0.0375
4 0.18828125 0.7296875 0.0203125 0.02890625
4 0.78671875 0.84296875 0.01875 0.0328125
2 0.20859375 0.85 0.02265625 0.04453125
0 0.59375 0.0578125 0.01796875 0.034375
4 0.24765625 0.91328125 0.02109375 0.0296875
4 0.23046875 0.89609375 0.01796875 0.034375
4 0.78203125 0.86953125 0.01875 0.0328125