3 0.36328125 0.71953125 0.0265625 0.06328125
4 0.39609375 0.1484375 0.01953125 0.03125
4 0.37109375 0.09609375 0.01796875 0.03125
4 0.425 0.1078125 0.01953125 0.0296875
4 0.221875 0.875 0.0234375 0.03046875
4 0.71171875 0.16796875 0.01796875 0.028125
4 0.52734375 0.4875 0.01640625 0.03046875
1 0.346875 0.71484375 0.19765625 0.24140625
4 0.45234375 0.84609375 0.01875 0.034375
4 0.36953125 0.0578125 0.0203125 0.03046875
4 0.19296875 0.1296875 0.02265625 0.03203125
0 0.52734375 0.4125 0.0171875 0.02734375
2 0.259375 0.81171875 0.021875 0.0484375
4 0.56484375 0.86328125 0.02109375 0.03203125