4 0.5640625 0.42890625 0.01953125 0.03515625
2 0.69140625 0.48203125 0.02421875 0.04296875
4 0.71015625 0.09296875 0.01796875 0.02734375
4 0.66796875 0.09921875 0.01875 0.03125
4 0.76953125 0.4875 0.01953125 0.03125
4 0.7984375 0.3296875 0.01953125 0.0296875
4 0.6171875 0.2109375 0.01875 0.02890625
4 0.60859375 0.15625 0.01875 0.0296875
4 0.7203125 0.47109375 0.01953125 0.03046875
0 0.57109375 0.31171875 0.01875 0.034375
3 0.7390625 0.24921875 0.025 0.04609375
1 0.72734375 0.296875 0.1328125 0.4078125
4 0.775 0.18671875 0.0171875 0.0296875