1 0.2671875 0.38203125 0.19375 0.359375
4 0.2703125 0.12109375 0.0171875 0.0359375
4 0.45 0.3671875 0.01875 0.0328125
4 0.16171875 0.9109375 0.01875 0.0359375
4 0.3140625 0.0734375 0.01875 0.0328125
4 0.59609375 0.4390625 0.01875 0.0296875
4 0.50234375 0.36328125 0.01875 0.0328125
4 0.21875 0.771875 0.0203125 0.034375
4 0.1703125 0.0671875 0.0203125 0.0296875
4 0.2421875 0.06796875 0.0203125 0.03125
4 0.17578125 0.8515625 0.0203125 0.0328125
4 0.5546875 0.540625 0.0203125 0.0296875
0 0.778125 0.76171875 0.0203125 0.0390625