4 0.85703125 0.596875 0.01796875 0.0265625
4 0.86484375 0.91015625 0.01875 0.03203125
4 0.8546875 0.87734375 0.01875 0.0328125
4 0.57734375 0.47890625 0.015625 0.02578125
4 0.58125 0.54140625 0.01875 0.02734375
4 0.54921875 0.4859375 0.0171875 0.028125
1 0.68515625 0.3140625 0.2 0.29375
4 0.83203125 0.49765625 0.01796875 0.02890625
4 0.5484375 0.53984375 0.0171875 0.02421875
3 0.71015625 0.28828125 0.02734375 0.05
4 0.6125 0.496875 0.01640625 0.02578125
2 0.6046875 0.4375 0.02578125 0.04140625
0 0.56796875 0.40703125 0.0171875 0.03125
4 0.6140625 0.46796875 0.01640625 0.02734375