4 0.2578125 0.5453125 0.01796875 0.02734375
4 0.37734375 0.42890625 0.01796875 0.0234375
4 0.8546875 0.68125 0.0203125 0.0328125
4 0.8484375 0.84375 0.02109375 0.0296875
4 0.86796875 0.75703125 0.01875 0.03125
4 0.2765625 0.103125 0.01875 0.02578125
4 0.69296875 0.79453125 0.01875 0.03046875
1 0.784375 0.8203125 0.18046875 0.215625
2 0.8640625 0.91640625 0.02265625 0.040625
4 0.265625 0.31171875 0.01796875 0.028125
4 0.6296875 0.259375 0.0171875 0.03046875
4 0.45859375 0.328125 0.0171875 0.028125
3 0.784375 0.83125 0.0203125 0.04375
0 0.25625 0.265625 0.0171875 0.02890625