2 0.57265625 0.44296875 0.02421875 0.04296875
4 0.7578125 0.25703125 0.01796875 0.028125
4 0.54453125 0.5265625 0.02109375 0.0328125
4 0.8140625 0.13359375 0.01796875 0.03046875
4 0.81484375 0.06484375 0.01796875 0.03125
1 0.69296875 0.38828125 0.2046875 0.16875
4 0.19140625 0.12890625 0.01796875 0.03515625
4 0.6625 0.753125 0.0203125 0.028125
4 0.70859375 0.85078125 0.021875 0.03671875
0 0.3078125 0.08359375 0.0234375 0.0328125
4 0.5921875 0.346875 0.01796875 0.02734375
3 0.70859375 0.37578125 0.028125 0.05
4 0.775 0.5890625 0.01640625 0.0234375