2 0.2859375 0.34140625 0.02890625 0.0484375
1 0.1796875 0.4375 0.2765625 0.22890625
4 0.3046875 0.4078125 0.01953125 0.0296875
4 0.18984375 0.79375 0.021875 0.0359375
3 0.13515625 0.43828125 0.034375 0.053125
4 0.590625 0.934375 0.01953125 0.034375
4 0.6484375 0.04140625 0.01953125 0.0328125
4 0.7171875 0.8015625 0.0203125 0.0328125
4 0.1609375 0.93203125 0.021875 0.03671875
4 0.678125 0.15078125 0.01953125 0.0328125
4 0.55390625 0.921875 0.0203125 0.034375
0 0.61796875 0.93984375 0.0203125 0.03046875
4 0.703125 0.1828125 0.01875 0.0296875