4 0.65078125 0.32109375 0.0171875 0.0265625
3 0.30234375 0.296875 0.02734375 0.0484375
4 0.1765625 0.7828125 0.0203125 0.03125
4 0.73671875 0.27265625 0.0171875 0.02734375
4 0.17734375 0.81953125 0.02265625 0.03203125
4 0.6265625 0.35546875 0.01796875 0.02734375
2 0.27890625 0.528125 0.02421875 0.0421875
4 0.22578125 0.075 0.02109375 0.0328125
4 0.40859375 0.7953125 0.02109375 0.03671875
1 0.315625 0.340625 0.09765625 0.375
0 0.19921875 0.91328125 0.02421875 0.0296875
4 0.18359375 0.159375 0.021875 0.0328125
4 0.834375 0.753125 0.0171875 0.0296875
4 0.17890625 0.9140625 0.01796875 0.0328125