2 0.28671875 0.8171875 0.028125 0.05234375
3 0.1546875 0.67734375 0.03125 0.05234375
1 0.1875 0.690625 0.24296875 0.296875
4 0.79375 0.296875 0.02109375 0.034375
0 0.4375 0.578125 0.021875 0.03203125
4 0.68984375 0.03671875 0.021875 0.03359375
4 0.5109375 0.221875 0.0203125 0.03359375
4 0.5640625 0.42265625 0.01953125 0.03203125
4 0.80546875 0.08828125 0.01953125 0.03125
4 0.42109375 0.92890625 0.02109375 0.03515625
4 0.7921875 0.059375 0.02109375 0.0328125
4 0.77578125 0.7390625 0.0203125 0.03046875
4 0.4359375 0.92578125 0.02109375 0.0359375