3 0.31484375 0.69140625 0.028125 0.04609375
2 0.3359375 0.45546875 0.02734375 0.040625
4 0.72578125 0.34765625 0.01953125 0.03046875
4 0.528125 0.76171875 0.0171875 0.028125
4 0.81953125 0.1828125 0.01875 0.03359375
4 0.81171875 0.52734375 0.01953125 0.02890625
4 0.71328125 0.06875 0.02109375 0.0328125
4 0.528125 0.7921875 0.01796875 0.02734375
4 0.8078125 0.56328125 0.015625 0.0265625
4 0.73671875 0.240625 0.0203125 0.03125
4 0.78828125 0.84296875 0.01953125 0.03125
0 0.7921875 0.48359375 0.02421875 0.0296875
1 0.33203125 0.66640625 0.09140625 0.378125
4 0.78203125 0.86953125 0.01953125 0.03359375