1 0.54921875 0.24375 0.1625 0.378125
4 0.41796875 0.58671875 0.01875 0.03203125
4 0.19609375 0.8375 0.02109375 0.034375
3 0.54453125 0.25625 0.028125 0.0484375
4 0.3453125 0.85703125 0.0203125 0.034375
0 0.6515625 0.56953125 0.021875 0.03125
2 0.603125 0.08203125 0.0265625 0.04140625
4 0.33125 0.93125 0.021875 0.03671875
4 0.45 0.78671875 0.02109375 0.034375
4 0.79140625 0.0328125 0.01953125 0.0328125
4 0.36015625 0.15625 0.01875 0.0328125
4 0.13515625 0.1828125 0.0203125 0.03203125
4 0.590625 0.06015625 0.0171875 0.03359375