1 0.7453125 0.2640625 0.1078125 0.2609375
4 0.596875 0.89609375 0.01875 0.0359375
4 0.74140625 0.89296875 0.015625 0.0265625
0 0.81015625 0.1484375 0.015625 0.025
4 0.496875 0.17421875 0.0171875 0.0328125
4 0.7859375 0.65390625 0.0171875 0.028125
4 0.52421875 0.55859375 0.015625 0.0328125
4 0.728125 0.86640625 0.01875 0.0265625
4 0.50625 0.11328125 0.0171875 0.03125
4 0.72890625 0.821875 0.0171875 0.03125
4 0.1921875 0.328125 0.0203125 0.0328125
4 0.70703125 0.86171875 0.0171875 0.03125
4 0.55625 0.9140625 0.0171875 0.0328125