3 0.33359375 0.6953125 0.03515625 0.0640625
4 0.809375 0.55703125 0.0203125 0.03046875
4 0.18671875 0.728125 0.02109375 0.03515625
4 0.52578125 0.79140625 0.01796875 0.02890625
0 0.2796875 0.43984375 0.01875 0.03203125
4 0.52734375 0.76171875 0.0171875 0.028125
4 0.31875 0.15859375 0.02109375 0.0328125
4 0.81953125 0.1828125 0.01875 0.0328125
1 0.3546875 0.69453125 0.2234375 0.246875
4 0.78671875 0.84296875 0.01875 0.0328125
2 0.453125 0.796875 0.0296875 0.04296875
4 0.23046875 0.8984375 0.01953125 0.034375
4 0.24765625 0.91171875 0.0203125 0.02734375
4 0.78125 0.86953125 0.01953125 0.03359375