4 0.46796875 0.11640625 0.0171875 0.028125
4 0.3515625 0.5953125 0.01640625 0.0234375
4 0.8328125 0.49765625 0.01796875 0.028125
2 0.28515625 0.66328125 0.01953125 0.04140625
4 0.42265625 0.48671875 0.01640625 0.02421875
3 0.38046875 0.7125 0.02265625 0.04296875
4 0.48359375 0.39296875 0.0171875 0.02734375
4 0.28828125 0.7359375 0.01796875 0.0296875
4 0.7375 0.85078125 0.01875 0.03125
1 0.3734375 0.66796875 0.1671875 0.08359375
4 0.81484375 0.88828125 0.0203125 0.0296875
4 0.71171875 0.140625 0.0203125 0.02890625
0 0.2765625 0.63984375 0.015625 0.02734375
4 0.7390625 0.09453125 0.01953125 0.0328125