4 0.81015625 0.38828125 0.01875 0.0328125
4 0.8078125 0.8078125 0.015625 0.03125
1 0.725 0.70859375 0.115625 0.290625
4 0.4953125 0.1140625 0.0171875 0.03125
4 0.80859375 0.15 0.0171875 0.0328125
4 0.7140625 0.4453125 0.01875 0.0296875
4 0.5 0.91015625 0.0171875 0.034375
4 0.6609375 0.15390625 0.0203125 0.0328125
4 0.5265625 0.61640625 0.015625 0.0265625
4 0.79921875 0.23203125 0.0171875 0.0265625
4 0.78828125 0.759375 0.01875 0.03125
4 0.7890625 0.178125 0.0203125 0.03125
0 0.8109375 0.9109375 0.0171875 0.0328125