4 0.17734375 0.2109375 0.01953125 0.03515625
2 0.459375 0.4046875 0.0265625 0.04765625
1 0.4484375 0.61640625 0.121875 0.44609375
4 0.5921875 0.87421875 0.0203125 0.03515625
4 0.39921875 0.51875 0.0203125 0.03046875
3 0.4375 0.640625 0.03203125 0.04765625
4 0.36796875 0.8828125 0.0203125 0.034375
4 0.4203125 0.9 0.02109375 0.0375
4 0.15703125 0.18125 0.0203125 0.03203125
0 0.425 0.9265625 0.01796875 0.03515625
4 0.3890625 0.65703125 0.01796875 0.03203125
4 0.15390625 0.11328125 0.021875 0.034375