1 0.79375 0.26171875 0.12421875 0.32578125
4 0.59140625 0.7515625 0.01875 0.0328125
4 0.83359375 0.5453125 0.01796875 0.028125
4 0.51328125 0.703125 0.01875 0.02890625
4 0.63203125 0.265625 0.01953125 0.03125
4 0.6625 0.7390625 0.01875 0.02578125
4 0.7453125 0.65 0.01953125 0.02890625
0 0.421875 0.75390625 0.01953125 0.03125
4 0.4265625 0.63828125 0.01796875 0.02734375
2 0.84453125 0.13125 0.02109375 0.0390625
4 0.43203125 0.15703125 0.01875 0.03125
4 0.78671875 0.7609375 0.01875 0.0296875
3 0.80859375 0.275 0.03203125 0.04296875