2 0.6984375 0.8765625 0.02734375 0.0453125
1 0.6984375 0.675 0.11015625 0.43984375
4 0.25703125 0.61484375 0.02109375 0.03203125
4 0.33359375 0.0640625 0.021875 0.034375
4 0.58515625 0.7984375 0.0203125 0.03359375
4 0.11953125 0.809375 0.0203125 0.03125
0 0.15 0.76328125 0.02265625 0.03203125
4 0.4046875 0.57890625 0.0203125 0.0328125
4 0.346875 0.89375 0.021875 0.03515625
3 0.71328125 0.653125 0.0328125 0.0453125
4 0.1234375 0.38515625 0.02265625 0.0328125
4 0.1765625 0.74140625 0.0203125 0.03203125
4 0.12578125 0.1953125 0.02109375 0.03359375