3 0.45390625 0.86640625 0.03046875 0.040625
4 0.784375 0.8375 0.0171875 0.03046875
4 0.85703125 0.6 0.01796875 0.03359375
4 0.39921875 0.65546875 0.01875 0.0265625
4 0.5578125 0.41015625 0.01640625 0.02890625
4 0.540625 0.1796875 0.01796875 0.02734375
4 0.25859375 0.71328125 0.01875 0.02890625
4 0.83203125 0.49765625 0.01875 0.03125
4 0.4625 0.115625 0.01796875 0.0296875
0 0.540625 0.15078125 0.01640625 0.02578125
2 0.35 0.84140625 0.02890625 0.0359375
4 0.2578125 0.16953125 0.01953125 0.02890625
1 0.43203125 0.8484375 0.1984375 0.1984375