2 0.5515625 0.57109375 0.0234375 0.0390625
4 0.37109375 0.09609375 0.01875 0.03046875
4 0.39765625 0.14921875 0.01953125 0.03203125
4 0.4875 0.446875 0.01484375 0.025
4 0.70703125 0.16640625 0.01640625 0.02734375
4 0.45078125 0.84453125 0.01875 0.034375
4 0.46640625 0.48984375 0.01796875 0.025
4 0.3703125 0.06015625 0.01875 0.034375
4 0.52890625 0.484375 0.015625 0.02734375
1 0.64609375 0.68515625 0.2234375 0.2859375
0 0.528125 0.41015625 0.015625 0.02734375
4 0.19140625 0.128125 0.01875 0.0359375
4 0.45546875 0.09296875 0.01953125 0.03203125
3 0.6734375 0.69375 0.02890625 0.0515625