4 0.63125 0.61015625 0.01640625 0.034375
4 0.815625 0.84296875 0.01953125 0.02734375
4 0.59140625 0.68046875 0.01875 0.02890625
3 0.49609375 0.70859375 0.02109375 0.05390625
4 0.66171875 0.42109375 0.015625 0.0265625
4 0.3359375 0.11875 0.01640625 0.02734375
4 0.25625 0.8109375 0.015625 0.03125
4 0.85078125 0.38671875 0.01875 0.028125
0 0.2625 0.09765625 0.01875 0.028125
4 0.246875 0.86796875 0.01875 0.0328125
4 0.625 0.63828125 0.01953125 0.02734375
1 0.5125 0.7 0.19921875 0.26171875
4 0.25 0.83515625 0.0171875 0.02734375
2 0.6 0.59765625 0.02265625 0.0515625