4 0.7578125 0.2578125 0.01796875 0.02734375
4 0.5515625 0.44140625 0.0171875 0.021875
4 0.52890625 0.4859375 0.01875 0.03203125
4 0.8140625 0.134375 0.01796875 0.03046875
3 0.63515625 0.1609375 0.02890625 0.06015625
4 0.68203125 0.43984375 0.0203125 0.03203125
4 0.81640625 0.06640625 0.0203125 0.03046875
4 0.50859375 0.4453125 0.015625 0.0234375
4 0.52734375 0.40390625 0.01875 0.02734375
0 0.3078125 0.08359375 0.0234375 0.03359375
4 0.19140625 0.12890625 0.01875 0.03671875
1 0.61875 0.19375 0.18828125 0.3671875
4 0.75 0.30234375 0.01640625 0.02578125
2 0.5421875 0.35625 0.02265625 0.046875