1 0.69453125 0.6875 0.121875 0.4015625
0 0.75234375 0.23125 0.02265625 0.03203125
4 0.584375 0.8125 0.0203125 0.034375
4 0.0546875 0.7171875 0.02109375 0.03125
4 0.14609375 0.884375 0.02109375 0.0328125
4 0.62890625 0.3796875 0.01953125 0.03203125
4 0.43359375 0.5765625 0.01953125 0.03046875
4 0.04140625 0.46796875 0.02109375 0.0328125
4 0.403125 0.578125 0.01796875 0.0296875
2 0.74453125 0.87109375 0.02578125 0.0453125
3 0.71015625 0.6671875 0.028125 0.0453125
4 0.12578125 0.19296875 0.02109375 0.034375
4 0.51484375 0.34765625 0.01796875 0.03125