3 0.46796875 0.66875 0.0296875 0.0375
4 0.64921875 0.32890625 0.01953125 0.028125
4 0.8125 0.10625 0.01875 0.028125
4 0.803125 0.1453125 0.01875 0.03359375
4 0.59921875 0.3296875 0.0203125 0.02890625
4 0.7859375 0.496875 0.02265625 0.02890625
2 0.4625 0.87734375 0.02578125 0.05078125
0 0.3734375 0.11796875 0.0234375 0.03125
4 0.4984375 0.08984375 0.01953125 0.02734375
4 0.834375 0.7546875 0.01796875 0.03046875
4 0.1890625 0.15390625 0.01875 0.03515625
4 0.225 0.0734375 0.02109375 0.034375
4 0.78125 0.86796875 0.02109375 0.03671875
1 0.4703125 0.7046875 0.08359375 0.39296875