1 0.271875 0.68359375 0.253125 0.2703125
4 0.409375 0.93828125 0.021875 0.0359375
3 0.2328125 0.68046875 0.03203125 0.05078125
2 0.371875 0.79375 0.02734375 0.05
0 0.7671875 0.3671875 0.0234375 0.0328125
4 0.78203125 0.28203125 0.02265625 0.034375
4 0.8125 0.92734375 0.01953125 0.034375
4 0.384375 0.1078125 0.02109375 0.03359375
4 0.69375 0.871875 0.021875 0.03671875
4 0.76171875 0.11171875 0.021875 0.034375
4 0.78515625 0.9421875 0.02109375 0.03359375
4 0.125 0.71953125 0.021875 0.03203125
4 0.8 0.221875 0.02265625 0.0359375