1 0.721875 0.671875 0.2078125 0.21875
4 0.80859375 0.15078125 0.01875 0.0328125
4 0.5984375 0.8953125 0.015625 0.0328125
4 0.5015625 0.73359375 0.0171875 0.0328125
4 0.7203125 0.43203125 0.0171875 0.03125
4 0.56015625 0.7828125 0.0171875 0.0359375
4 0.584375 0.79921875 0.0171875 0.03125
4 0.50078125 0.80234375 0.0140625 0.03125
4 0.50703125 0.90703125 0.015625 0.0328125
4 0.53125 0.89296875 0.015625 0.0296875
4 0.5265625 0.6171875 0.015625 0.028125
0 0.584375 0.878125 0.015625 0.0328125
4 0.4984375 0.7765625 0.0171875 0.0328125