4 0.24140625 0.284375 0.0171875 0.03125
4 0.28828125 0.51953125 0.021875 0.0359375
4 0.3515625 0.70703125 0.0171875 0.0328125
4 0.36640625 0.47109375 0.01875 0.0328125
4 0.1921875 0.14609375 0.021875 0.0328125
4 0.3734375 0.6078125 0.0171875 0.0328125
4 0.1640625 0.5125 0.021875 0.0328125
4 0.46328125 0.11328125 0.0203125 0.0328125
4 0.2109375 0.690625 0.0171875 0.0359375
0 0.246875 0.56796875 0.0203125 0.0328125
4 0.19765625 0.07265625 0.0171875 0.0328125
4 0.18046875 0.06484375 0.0171875 0.034375