3 0.73203125 0.19765625 0.03125 0.0484375
4 0.64765625 0.2953125 0.01796875 0.028125
4 0.76953125 0.4875 0.01953125 0.03046875
4 0.7203125 0.4734375 0.01796875 0.028125
4 0.62421875 0.1671875 0.0203125 0.03046875
0 0.55390625 0.371875 0.01875 0.0296875
2 0.7875 0.38828125 0.02421875 0.046875
4 0.61640625 0.228125 0.01796875 0.0296875
4 0.6328125 0.38046875 0.01953125 0.03125
4 0.79765625 0.33203125 0.0171875 0.02734375
4 0.7734375 0.1890625 0.0171875 0.0265625
4 0.6859375 0.3765625 0.01875 0.02578125
1 0.73046875 0.23359375 0.1453125 0.37109375