3 0.4640625 0.85625 0.02734375 0.04921875
4 0.865625 0.8796875 0.0203125 0.03125
2 0.58671875 0.82109375 0.02734375 0.0390625
4 0.634375 0.60859375 0.01875 0.02734375
4 0.6625 0.42109375 0.01640625 0.0265625
4 0.30859375 0.640625 0.021875 0.021875
4 0.31640625 0.8046875 0.01796875 0.028125
4 0.334375 0.11171875 0.01875 0.025
4 0.8703125 0.09609375 0.01796875 0.03046875
4 0.85 0.3875 0.01875 0.028125
4 0.8140625 0.88359375 0.01953125 0.03203125
1 0.4890625 0.84609375 0.22265625 0.20703125
0 0.26328125 0.09765625 0.02109375 0.0296875
4 0.246875 0.8671875 0.01875 0.03125