1 0.72734375 0.4171875 0.1875 0.425
2 0.66796875 0.61015625 0.0265625 0.04921875
4 0.21953125 0.63828125 0.0203125 0.0328125
4 0.36640625 0.93828125 0.01953125 0.034375
4 0.171875 0.1515625 0.02109375 0.0328125
4 0.41796875 0.58671875 0.01875 0.03203125
4 0.5921875 0.0625 0.0203125 0.03515625
4 0.33125 0.93125 0.02109375 0.03515625
4 0.79140625 0.0328125 0.01953125 0.0328125
3 0.74140625 0.38046875 0.03046875 0.0546875
4 0.3078125 0.0921875 0.01953125 0.03125
4 0.290625 0.0921875 0.01796875 0.03359375