3 0.43203125 0.71171875 0.03125 0.0453125
4 0.67109375 0.28515625 0.01875 0.02890625
4 0.421875 0.4109375 0.01796875 0.0296875
4 0.53984375 0.66640625 0.01953125 0.028125
4 0.58671875 0.58828125 0.0203125 0.0296875
4 0.325 0.06640625 0.021875 0.028125
2 0.39296875 0.90625 0.028125 0.0421875
4 0.7078125 0.85078125 0.02109375 0.0359375
4 0.77421875 0.27734375 0.0203125 0.02890625
4 0.1953125 0.05859375 0.01953125 0.02890625
0 0.70546875 0.25859375 0.01953125 0.03125
4 0.78828125 0.0859375 0.0171875 0.028125
4 0.775 0.58984375 0.015625 0.02265625
1 0.4390625 0.73359375 0.12421875 0.37734375