1 0.55859375 0.75234375 0.215625 0.1828125
4 0.7203125 0.2484375 0.0171875 0.02890625
4 0.753125 0.20546875 0.01875 0.02890625
4 0.25703125 0.55 0.01953125 0.025
4 0.37734375 0.4296875 0.01875 0.02421875
4 0.3421875 0.82734375 0.0203125 0.03125
4 0.8 0.3328125 0.01796875 0.02890625
2 0.65078125 0.81015625 0.02265625 0.040625
4 0.42109375 0.7015625 0.01796875 0.0296875
4 0.3125 0.803125 0.01953125 0.0265625
4 0.609375 0.15546875 0.01875 0.03203125
4 0.3578125 0.8296875 0.01796875 0.02890625
0 0.2546875 0.26875 0.0203125 0.03203125
3 0.53828125 0.77578125 0.02734375 0.06640625