1 0.509375 0.3984375 0.184375 0.3984375
3 0.49921875 0.36484375 0.02890625 0.0515625
4 0.13359375 0.19296875 0.02109375 0.0328125
4 0.30390625 0.4109375 0.0203125 0.03203125
0 0.29921875 0.24140625 0.02109375 0.0328125
4 0.1890625 0.79375 0.021875 0.03671875
4 0.16171875 0.93203125 0.02265625 0.0375
4 0.57890625 0.146875 0.0203125 0.03359375
4 0.78046875 0.48203125 0.0203125 0.0328125
4 0.74609375 0.08046875 0.0203125 0.03203125
2 0.58125 0.5640625 0.02734375 0.04453125
4 0.7546875 0.271875 0.0203125 0.0359375
4 0.76796875 0.25234375 0.01953125 0.03359375