3 0.6640625 0.6984375 0.02890625 0.04765625
4 0.803125 0.37421875 0.01796875 0.03359375
4 0.76953125 0.4875 0.01796875 0.0296875
4 0.6984375 0.3125 0.0171875 0.028125
4 0.77890625 0.70078125 0.0171875 0.028125
4 0.18125 0.37734375 0.0203125 0.03359375
4 0.80078125 0.334375 0.01796875 0.0296875
2 0.5390625 0.77421875 0.0265625 0.04375
1 0.640625 0.69140625 0.23125 0.221875
4 0.53828125 0.60078125 0.0203125 0.02734375
0 0.5109375 0.76875 0.01875 0.02890625
4 0.5328125 0.703125 0.01796875 0.03046875
4 0.83203125 0.75546875 0.01953125 0.0328125
4 0.65390625 0.6015625 0.01875 0.0265625