4 0.38046875 0.9015625 0.01875 0.0375
4 0.69296875 0.57578125 0.01875 0.03125
1 0.2765625 0.484375 0.2046875 0.1546875
4 0.678125 0.52265625 0.0171875 0.03125
4 0.48828125 0.08125 0.0171875 0.0296875
4 0.634375 0.71328125 0.01875 0.03125
4 0.65703125 0.15 0.01875 0.0328125
4 0.7671875 0.2421875 0.0203125 0.03125
4 0.53359375 0.3 0.01875 0.0328125
0 0.65390625 0.6796875 0.01875 0.034375
4 0.7296875 0.2484375 0.015625 0.03125
4 0.4421875 0.490625 0.0171875 0.0296875
4 0.4765625 0.09375 0.0171875 0.0296875