4 0.2546875 0.1375 0.01796875 0.02578125
4 0.27578125 0.103125 0.01875 0.02578125
4 0.37734375 0.42890625 0.0171875 0.02265625
2 0.7546875 0.475 0.02578125 0.0328125
4 0.35546875 0.21640625 0.01953125 0.02734375
4 0.6015625 0.696875 0.015625 0.02578125
4 0.72421875 0.878125 0.021875 0.0296875
4 0.46640625 0.190625 0.01953125 0.02734375
4 0.265625 0.31015625 0.01796875 0.0265625
4 0.63125 0.26640625 0.01875 0.03203125
4 0.69375 0.79453125 0.01953125 0.02890625
3 0.78671875 0.6953125 0.02890625 0.0640625
1 0.77578125 0.65703125 0.11875 0.41796875
0 0.25625 0.265625 0.0171875 0.03046875