1 0.7453125 0.2625 0.109375 0.2671875
4 0.596875 0.89609375 0.015625 0.034375
4 0.74140625 0.89296875 0.0140625 0.028125
4 0.80625 0.14765625 0.0171875 0.025
0 0.64453125 0.721875 0.0203125 0.03125
4 0.1984375 0.3328125 0.0203125 0.03125
4 0.50625 0.1140625 0.0171875 0.028125
4 0.49609375 0.17421875 0.0171875 0.0328125
4 0.51015625 0.49296875 0.015625 0.0328125
4 0.35234375 0.78515625 0.0171875 0.0328125
4 0.55703125 0.91484375 0.0171875 0.0328125
4 0.23125 0.75546875 0.0171875 0.0296875
4 0.1890625 0.35390625 0.0171875 0.03125