1 0.63046875 0.7140625 0.0984375 0.41171875
2 0.65625 0.90234375 0.02734375 0.0484375
4 0.6765625 0.13671875 0.02109375 0.034375
4 0.409375 0.93828125 0.02109375 0.0359375
4 0.384375 0.1078125 0.02109375 0.034375
4 0.79453125 0.20390625 0.02109375 0.034375
3 0.64453125 0.68125 0.0296875 0.0484375
0 0.7671875 0.36796875 0.02265625 0.03203125
4 0.7328125 0.24296875 0.02109375 0.0328125
4 0.68984375 0.82578125 0.01875 0.03359375
4 0.7125 0.13515625 0.0203125 0.034375
4 0.1234375 0.73046875 0.02265625 0.0359375
4 0.83046875 0.44375 0.01796875 0.03046875