3 0.734375 0.20078125 0.03515625 0.040625
4 0.7203125 0.4734375 0.01796875 0.028125
4 0.6265625 0.16640625 0.0203125 0.03046875
4 0.76796875 0.48515625 0.01640625 0.02421875
2 0.78828125 0.38828125 0.02578125 0.0328125
4 0.8 0.3328125 0.01796875 0.02734375
4 0.61875 0.2265625 0.01796875 0.0265625
4 0.7734375 0.1890625 0.0171875 0.02734375
4 0.6484375 0.29609375 0.01875 0.02890625
4 0.63359375 0.38125 0.0203125 0.03203125
4 0.6859375 0.3765625 0.01953125 0.025
0 0.6203125 0.3046875 0.0171875 0.03046875
1 0.73203125 0.2375 0.1546875 0.3890625