1 0.603125 0.68046875 0.23125 0.28359375
4 0.140625 0.815625 0.02109375 0.03359375
0 0.209375 0.1015625 0.021875 0.03203125
4 0.28828125 0.71171875 0.02109375 0.03359375
4 0.72109375 0.08203125 0.02109375 0.03203125
4 0.1859375 0.7890625 0.021875 0.034375
4 0.24921875 0.6203125 0.021875 0.03359375
4 0.11640625 0.91171875 0.0203125 0.034375
4 0.134375 0.1921875 0.02109375 0.034375
3 0.5984375 0.67890625 0.028125 0.05234375
4 0.1265625 0.29609375 0.02578125 0.034375
2 0.70703125 0.56640625 0.0296875 0.05