1 0.38203125 0.71953125 0.18359375 0.3765625
4 0.27421875 0.7234375 0.01953125 0.03203125
3 0.3703125 0.690625 0.0296875 0.05
0 0.65703125 0.06171875 0.0203125 0.0328125
4 0.6265625 0.91484375 0.0203125 0.034375
4 0.70390625 0.178125 0.01953125 0.0328125
4 0.675 0.0328125 0.01953125 0.0328125
4 0.675 0.11328125 0.0203125 0.034375
4 0.80703125 0.76640625 0.021875 0.03515625
4 0.32265625 0.74140625 0.01953125 0.03125
2 0.45625 0.8765625 0.02578125 0.04453125
4 0.7921875 0.52578125 0.02421875 0.03828125