1 0.70859375 0.503125 0.1484375 0.43671875
4 0.49921875 0.1140625 0.0203125 0.034375
4 0.2578125 0.61484375 0.02109375 0.0328125
4 0.33359375 0.06484375 0.02109375 0.03359375
4 0.4046875 0.57890625 0.02109375 0.03359375
4 0.5171875 0.30390625 0.01953125 0.03203125
4 0.5859375 0.7984375 0.0203125 0.034375
3 0.71875 0.45546875 0.0296875 0.05
0 0.1515625 0.89921875 0.0234375 0.034375
4 0.16171875 0.85078125 0.021875 0.03359375
4 0.66640625 0.08125 0.0203125 0.0359375
4 0.1265625 0.19609375 0.02109375 0.034375
2 0.675 0.69296875 0.028125 0.04765625