4 0.65078125 0.32109375 0.0171875 0.0265625
1 0.53125 0.7359375 0.21953125 0.196875
4 0.36328125 0.5671875 0.021875 0.03125
4 0.4078125 0.79375 0.0203125 0.034375
0 0.371875 0.13671875 0.0203125 0.03359375
4 0.70546875 0.215625 0.01953125 0.03125
4 0.621875 0.3671875 0.01796875 0.0296875
4 0.22578125 0.07421875 0.02109375 0.034375
4 0.1921875 0.1546875 0.0234375 0.03125
4 0.6921875 0.11484375 0.01953125 0.0328125
4 0.60390625 0.45703125 0.01875 0.0296875
4 0.834375 0.75390625 0.01796875 0.03046875
2 0.628125 0.70625 0.02578125 0.0484375
3 0.5125 0.7453125 0.0296875 0.0515625