3 0.690625 0.62265625 0.03046875 0.05
4 0.7578125 0.2578125 0.01796875 0.028125
4 0.52734375 0.4859375 0.01796875 0.02890625
4 0.5515625 0.440625 0.015625 0.02265625
4 0.52734375 0.40390625 0.01875 0.02890625
4 0.81328125 0.13359375 0.01796875 0.03125
4 0.81640625 0.06640625 0.02109375 0.03125
4 0.50859375 0.44453125 0.01484375 0.0234375
0 0.30625 0.0796875 0.0234375 0.0328125
2 0.58359375 0.471875 0.0234375 0.03671875
4 0.68203125 0.440625 0.01953125 0.03203125
1 0.6703125 0.60546875 0.21015625 0.31328125
4 0.19140625 0.12890625 0.01875 0.03515625
4 0.74921875 0.30234375 0.0171875 0.0265625