4 0.65078125 0.3203125 0.0171875 0.028125
4 0.62265625 0.40859375 0.01796875 0.03125
4 0.71484375 0.42890625 0.01953125 0.02890625
4 0.69140625 0.140625 0.01953125 0.02734375
4 0.1921875 0.1546875 0.021875 0.03125
3 0.3015625 0.34375 0.0265625 0.03671875
2 0.33046875 0.58125 0.0296875 0.03515625
0 0.584375 0.24921875 0.01953125 0.03359375
4 0.3796875 0.5703125 0.01953125 0.03671875
4 0.40859375 0.7953125 0.02109375 0.03515625
4 0.22578125 0.07421875 0.02109375 0.034375
1 0.30625 0.38671875 0.125 0.42578125
4 0.61171875 0.3515625 0.01875 0.025
4 0.8328125 0.75546875 0.01953125 0.03203125