1 0.47578125 0.39765625 0.2515625 0.1765625
2 0.5875 0.425 0.0265625 0.05
3 0.4484375 0.3859375 0.03203125 0.0546875
4 0.4171875 0.58828125 0.01953125 0.03203125
0 0.65 0.56953125 0.021875 0.03046875
4 0.5921875 0.0625 0.0203125 0.034375
4 0.36015625 0.15625 0.01875 0.0328125
4 0.13515625 0.18203125 0.0203125 0.03203125
4 0.7546875 0.30703125 0.01953125 0.03203125
4 0.7515625 0.928125 0.021875 0.0375
4 0.79140625 0.0328125 0.01953125 0.03203125
4 0.7671875 0.0328125 0.01796875 0.03046875
4 0.75234375 0.05078125 0.02109375 0.03046875