4 0.31484375 0.68984375 0.02734375 0.0484375
2 0.3359375 0.4546875 0.0265625 0.0421875
4 0.528125 0.76171875 0.0171875 0.028125
4 0.528125 0.7921875 0.01796875 0.02734375
4 0.81953125 0.1828125 0.01875 0.034375
4 0.81640625 0.540625 0.01875 0.03125
4 0.71171875 0.3765625 0.01953125 0.02890625
0 0.81953125 0.5078125 0.01953125 0.02890625
4 0.7390625 0.06015625 0.02421875 0.03046875
4 0.78828125 0.84296875 0.01953125 0.03125
4 0.7171875 0.278125 0.0203125 0.03203125
4 0.79609375 0.5359375 0.0171875 0.0296875
4 0.78125 0.86953125 0.01875 0.03359375
1 0.32734375 0.65703125 0.1015625 0.3859375