3 0.8125 0.2 0.028125 0.053125
4 0.85625 0.596875 0.01875 0.028125
4 0.596875 0.35078125 0.015625 0.03125
1 0.78203125 0.221875 0.225 0.2875
4 0.8296875 0.81328125 0.01953125 0.03359375
4 0.8546875 0.87890625 0.01953125 0.0328125
4 0.8015625 0.76171875 0.01953125 0.0265625
4 0.8640625 0.9109375 0.01875 0.03203125
0 0.55625 0.36328125 0.0171875 0.02734375
4 0.5015625 0.1796875 0.0203125 0.0265625
4 0.8328125 0.49921875 0.0203125 0.02734375
4 0.58984375 0.17578125 0.0171875 0.03203125
2 0.68671875 0.33125 0.0265625 0.03828125
4 0.83203125 0.8453125 0.01875 0.03125